11.6696667157, 9.58782508476
11.5255410293, 9.35931554102
12.0806026707, 10.3178076528
12.193190858, 9.61245316217
11.4530157883, 9.47463274288
12.3310698141, 9.95783062421
12.2230473317, 9.6111309042
12.2074715969, 9.80652321212
12.00764997, 9.99282776059
12.5595296981, 10.1723464428
12.3344488176, 9.79764893288
12.3014334646, 9.64674271266
12.22090791, 10.3696036183
12.2968923048, 9.80949620935
12.5175669322, 9.82892206857
12.4363442594, 9.92698876082
12.1323607782, 9.68420112043
11.7664894778, 9.66531899468
11.6190962513, 9.2485614443
11.9085613152, 9.13607168347
12.0908696661, 10.4282171322
11.5000899659, 9.65226379664
11.3072113915, 9.70736888733
12.0261895359, 9.44570127348
11.7485314415, 9.39142745369
12.2048475171, 9.84644097179
12.3270808625, 9.5319602206
12.3666081185, 9.73623576587
11.9663604347, 9.88131601679
11.1233106347, 9.32985484708
11.6972149981, 9.76128576083
12.1438633827, 9.27829066659
12.3767376854, 9.97228825206
12.1429444953, 9.68496611377
11.6048675038, 9.5635822779
11.9477043525, 9.77448220998
11.6690817846, 9.69291684521
11.9085812999, 9.66884665487
12.3196281996, 9.74670963083
11.5729903679, 9.57350401052
11.845699507, 9.65886845527
10.8755238462, 10.0297461379
12.3972892743, 9.7773620241
11.4900631043, 11.0955313919
12.5090087639, 9.79039792327
11.3317660249, 9.38901567194
12.1927448058, 9.31275626428
11.6932022219, 9.29543676106
11.3141204689, 9.46749191894
11.4960027558, 9.61586159423
11.5781086473, 9.55760150778
11.6269575465, 9.41231766575
11.7911659152, 9.72217057662
11.2369752592, 9.68807767243
11.988011493, 9.59871597729
12.1997731213, 9.98224997122
11.355432153, 9.40467468035
11.4331995354, 9.61528315881
11.7429160022, 9.73792696822
11.9212380157, 9.54295534625
11.6598699285, 9.41916075355
11.8864303638, 9.7832625719
11.9113586702, 9.9869553587
12.0207256946, 10.0958234648
12.4025111206, 10.0038614819
11.8321731251, 9.67935582538
12.2225514075, 9.79752421266
12.3712893983, 10.0239613886
12.4307109813, 9.98700880724
12.2523553957, 9.81130752372
12.3046560519, 9.80557953744
12.1328143576, 9.64674271266
12.2496950535, 9.81767742769
12.3444864019, 9.79982258832
11.8638724035, 9.87978399252
12.1715829043, 9.8270681731
11.7366355476, 9.7074389288
11.2930976736, 9.41217641535
11.0573051836, 8.94004767499
11.4728795383, 9.58787160411
11.6214839954, 9.66273707875
11.5057222004, 9.53126941996
11.413144602, 9.46812534833
11.4710386686, 9.81683763486
11.3091830451, 9.36162322659
11.6852544376, 10.0088076658
11.2039800612, 9.30732060528
11.4704848838, 9.65648467444
11.6957137967, 9.67723172737
12.2706900037, 9.56098327422
12.2246382038, 9.62162297368
12.1991701152, 9.75912092717
12.4400460302, 9.98878136444
12.106340646, 9.74884127428
11.7063477353, 9.81271042726
11.8732339727, 9.9194682647
12.0565910024, 10.5524539751
12.0232508788, 10.1306705736
12.1722128315, 9.86771261994
12.1154826576, 10.1586828128
11.3201462521, 9.55302845142
12.1961205821, 9.8050215026
12.0197257369, 8.98439316561
11.9126236564, 9.02482041271
12.2390882938, 9.5505250903
12.1578716518, 9.62188281154
11.7641725834, 9.68479140244
11.2373283802, 9.62923297992
11.9568907016, 9.00003503483
12.1284198749, 9.66718710818
12.3636055858, 10.043604565
12.182829399, 9.67426448247
12.0101939903, 9.66818291428
12.1735446404, 9.49384366556
11.7817868423, 9.70739346775
12.2889558109, 9.7038270954
12.2084054893, 9.28184817693
12.0507773968, 9.79681849752
12.3942033, 9.63587221471
12.2993459517, 9.63508100385
12.2136305529, 9.37917449164
12.3169012015, 9.82968059155
11.9178964343, 9.6735524176
11.5112447155, 9.67334995933
11.432286328, 9.45336244014
11.2466617458, 9.23127472227
11.5267920321, 9.13267946975
12.0179712587, 9.8348268476
11.4575949691, 9.54009123737
11.8572431166, 9.95586731451
11.5737086771, 9.46815658886
12.1371454131, 9.7706424032
11.5351158954, 9.16281013715
11.8725816195, 9.93926650703
11.5875818792, 9.48588745353
11.2657404087, 9.46911708836
12.2093695635, 9.99082430136
12.0514030903, 9.7171658409
11.5815463936, 9.61401204563
12.1750538613, 9.69873142803
12.3393043451, 9.97513946391
12.1819626305, 9.63115524737
12.0254499543, 9.89759293133
10.9928823108, 8.95423000983
11.7898244797, 9.70739346775
12.2846180925, 10.1671332611
12.3360775352, 9.5528165119
12.2790227534, 9.95319105634
12.3755866508, 9.72156181578
12.1666612728, 9.60671135269
11.4875968855, 9.94545094554
11.9741130878, 9.6969797293
12.3301151184, 9.77421222775
11.859702174, 9.92197171469
12.0430771658, 9.96148478899
12.3773840404, 10.0654445737
12.0300104363, 9.55427501454
12.361514341, 9.60100002166
11.9676394274, 9.66996117413
12.192915391, 9.62212789004
11.6113556716, 9.74056236554
11.7850345963, 10.0835704534
11.8406739466, 9.75912092717
11.2999896728, 9.86055683854
11.996383432, 9.50056769579
11.4983174431, 9.46774940895
11.5943419492, 9.74562203372
12.5493239472, 10.0094934167
11.7311029103, 9.72546445806
11.8964746392, 9.44705183627
12.0518277645, 9.66302362232
12.1381335755, 9.83923306279
11.9240641952, 9.11141070524
12.1230094546, 9.92231636747
12.0899072289, 9.20775794887
12.0105294057, 9.57814629185
12.2762433959, 9.67357117028
12.2818682705, 9.68453437081
12.2944659514, 9.6724185725
12.2488727706, 9.48723562082
11.9777161479, 9.91970514358
11.3461711091, 9.51891089463
12.0319560817, 9.79681849752
12.0873778067, 9.69358162788
12.4619823695, 10.3061801094
11.9741354756, 9.57171740537
11.6025712468, 9.24631508607
12.2354702797, 9.83118863256
11.3803596646, 9.44224981463
11.4904245089, 8.99592998061
11.349052331, 9.33365827037
11.4107890111, 9.26766544496
11.5010939433, 9.46078241547
11.9172348044, 9.5820677077
11.6093506808, 9.28329494543
11.9593042577, 9.50387744816
11.807569842, 9.79999815047
11.9861575326, 9.29903616647
11.0837229027, 9.50907211873
12.1865553695, 9.96005347925
11.4874302688, 9.24234148697
11.6193443859, 9.48845681693
11.2440036984, 9.4915762255
11.2391720328, 9.40556814814
12.3163989029, 9.45453683808
11.8819150235, 9.60215587227
11.6268060775, 9.71506180348
11.8450881015, 10.2650568344
12.1970088207, 9.92799836082
11.988263213, 10.4233646282
11.5289541328, 9.64555129877
11.7692422135, 9.8568478099
11.6795419976, 9.33259268581
11.9845883437, 9.64343919894
11.6891673394, 9.50649746458
12.2656047074, 9.79096311751
12.2591537063, 9.86507938917
11.4059157894, 9.35377285235
12.0804713345, 10.1972501482
11.7382282873, 9.69417985884
11.8382992832, 9.51681965946
11.8082529821, 9.71719634772
11.2189250912, 9.31016221916
10.7964015327, 9.50525816252
11.4686179194, 9.35716394292
11.3829805105, 9.5505250903
11.7129504312, 9.49860707471
11.9007870799, 9.74274456125
12.3237869889, 9.67120891258
12.1597079596, 9.29780748809
11.3893014751, 9.50622683496
12.0426115188, 9.58321183753
12.0529596183, 10.4567175518
12.2630469975, 10.3615517744
12.4136692284, 9.89862105319
12.0093382465, 10.1112049009
11.4327258001, 9.68807767243
11.3920160545, 9.89862105319
11.3726713557, 9.73187007283
11.5630844717, 9.55814001707
11.6976249404, 9.70509950199
11.4857937781, 9.47682523809
12.1664495448, 9.19754097263
11.7184057694, 9.6302730639
11.496604936, 9.51772081482
11.8418868259, 9.6969797293
12.1177521099, 10.1341598713
11.8045810867, 9.58560893603
11.6427353945, 9.34910356543
12.2477611921, 9.87826545747
11.9451187998, 9.6952929846
12.1284180944, 9.65624420874
11.6894345978, 9.64336145987
11.629424475, 9.68015577273
11.6419073699, 9.80305455742
11.8079713165, 9.92907448931
11.6918250101, 9.6799827549
11.6921251571, 9.21092024621
11.8877307681, 9.92396805248
11.529528525, 9.50086717615
11.7960215103, 9.63425105259
11.7379635125, 9.68843494857
12.4262764476, 10.3439703424
11.6723452312, 9.29194335088
12.0307131426, 9.52919003681
11.896163867, 9.4751503547
12.0551089797, 9.93234649241
11.972318832, 9.80088787481
12.1570159518, 9.81130752372
11.7644984783, 9.50432914144
