10.8996114943, 12.6211808867
11.2186371531, 12.7553134385
10.3650377302, 11.5903870472
10.498669977, 12.3615687915
10.8573715603, 12.5496012921
10.7360018828, 12.4789145776
10.4925645888, 12.3010993274
10.3714822877, 12.2833911595
10.6671082437, 12.1751808285
10.248424451, 11.7763226162
10.5024608025, 12.4304671254
10.8498929221, 12.7458107218
10.3349040224, 11.8914368001
10.7854460643, 12.3326450055
11.8291970946, 11.7623388627
10.4774057174, 12.1981055248
10.5247171538, 12.2888479871
10.3858852896, 12.0132162881
10.6174104792, 12.3341373964
10.4063038635, 12.4224134411
10.1830519963, 11.2196413507
10.9159444835, 12.7774373954
11.3817387899, 12.8378260124
10.3494048409, 11.7943074522
11.2784334899, 12.8875199795
10.8144522635, 12.5800468335
10.4704322357, 11.817161825
11.5549457474, 11.5554797715
10.6188409853, 12.0489174499
10.9753197958, 12.5440852517
11.0387782865, 12.7952394065
10.4771076328, 12.3585575604
10.3989582031, 12.1885647181
10.2664202437, 12.04870364
10.7294571069, 12.5802418792
10.5215191552, 11.9338005592
10.255518097, 11.9097537633
10.2725907637, 11.9741717525
10.4262948234, 12.307729733
10.8048813732, 12.3936564364
10.6335704206, 12.0436647744
10.2175073129, 12.1583800253
11.6043202045, 11.6266963309
10.2979219851, 11.6862319687
10.4134885431, 12.1883130775
11.2188163612, 12.7964318853
10.6602349869, 12.4475844514
11.1795915204, 12.5128425456
11.2195591024, 12.8337057276
11.1219549808, 12.6153732489
11.6319636557, 13.1240544676
11.0897096096, 12.7001932219
10.6389816259, 12.3169883908
11.4161637722, 12.9321477429
10.3191235396, 11.8835408296
9.97661748281, 11.5494821662
11.1624703633, 12.8032415054
11.2434041327, 12.8837015943
10.5230780991, 12.1936352355
10.4089458911, 11.7752208406
10.9457129557, 12.6097933367
10.3867532859, 12.0320358598
10.2994513074, 11.7792346347
10.2850884732, 11.7414967467
10.1585014925, 11.6504277063
10.6784332811, 12.1413763984
10.4904122498, 12.3429781045
10.4753745958, 11.8496359041
10.5675744549, 12.534107025
10.4477116744, 12.1853024069
11.5804494714, 11.6622627909
10.4130729748, 12.2403542547
10.6904743377, 12.3760054795
10.4643076252, 12.3000298545
10.7310062991, 11.9858530166
10.8547415186, 12.5860294076
10.8309068662, 12.462411933
11.0456425493, 12.7144287505
11.3854011936, 13.0553718983
10.9624703908, 12.6611377183
11.014487483, 12.7458127309
11.3276110529, 12.7928915684
11.0206521232, 12.657478239
11.1387781713, 12.6785824165
11.2914290619, 13.0890817069
10.982951601, 12.5934099864
11.2285840218, 12.8076220088
11.2226059543, 13.0723202498
10.9528151673, 12.6309012825
10.7200300518, 12.4179970752
10.4577360121, 12.3757649638
11.6533902809, 11.5340858798
10.3955683132, 11.9532888928
10.858319907, 12.5229495662
11.1136061371, 12.462761398
10.6944419946, 12.2814155168
10.0985744687, 11.1420208285
10.4699254554, 12.0474258224
11.0052419368, 12.7086394718
10.452926309, 11.9041815103
11.1685072783, 12.9180256901
11.9603587524, 11.748687283
10.2632168332, 12.4402831553
10.6768882392, 12.7931244369
10.5672437099, 12.5280959599
10.6067973354, 12.3313473398
10.8230543612, 12.2065632095
11.2641071708, 12.6782103288
10.5173552704, 12.5158444902
10.432769826, 12.5245831156
11.749584726, 11.5613354919
10.1483678969, 12.0844382619
11.8212179411, 11.7623388627
10.6834003738, 12.5068104653
10.3406308108, 12.0090013888
10.7415775628, 12.2871429479
10.6086056466, 12.4515198213
10.1837355847, 11.6292035736
11.6000984595, 11.6062062739
10.5691611462, 12.4587278383
10.6055839702, 12.3980833306
10.4484241674, 12.1625738308
10.3410105038, 11.8758241984
10.7891242393, 12.803595882
11.1274485887, 12.8920453622
11.2940459737, 13.0157670105
11.1920903715, 13.0947605298
9.97628968606, 11.1971450991
11.2926273957, 13.0566471504
10.9039112458, 12.4543745129
11.0276912253, 12.8284608482
10.3477794269, 11.8902418812
10.4981151502, 12.1763974435
10.2827750622, 11.9542823031
11.0865750548, 12.5946221058
10.7683132722, 12.4192981568
10.354633666, 11.7623099711
11.8037297931, 11.7154161567
10.8678011911, 12.5036501279
12.3334781569, 9.84455118927
10.2028956674, 11.8615573091
10.4569647396, 11.7516700298
10.3013130645, 11.7953538574
10.6942727764, 12.2880192355
10.751765426, 12.3091751983
10.1043387137, 11.4500345009
10.5329399493, 12.2571067748
10.8746674979, 12.4787680111
10.5859471189, 12.3032919729
10.4403442511, 12.3237878808
11.2918496654, 12.6905314194
11.6708657317, 11.8448676131
10.8169527588, 12.6608267287
10.5654241871, 12.0304100866
10.0027127411, 11.3272818066
10.3773611011, 12.0609052607
10.3182765495, 11.8949478884
10.4562688739, 12.376008355
10.4468084914, 12.1004126242
10.8089048435, 12.5612844791
11.1572215789, 12.8005490606
10.1391469826, 11.1346859551
10.8381522141, 12.5434587471
11.2587616824, 13.0129042352
10.3308862357, 11.9866782611
10.9249962589, 12.718821934
10.2979180993, 11.908911388
12.005631057, 11.8080563812
10.8089522168, 12.4454158168
10.6446076217, 12.3193360621
11.563241002, 11.478314591
10.6592430404, 12.340654912
10.6178328184, 12.5811660901
10.8343144959, 12.5346918383
10.3699891597, 12.4401302899
10.4733324174, 12.3282026264
10.7330903218, 12.5750467824
10.4569647396, 12.3836942566
10.699152829, 12.4442108554
10.595167727, 12.3933751734
10.4817646816, 11.9138963567
10.79846838, 12.524071026
10.0537038702, 11.4288841184
10.2462897879, 12.0360586769
10.5534005081, 12.1700797897
10.6685291521, 12.5374732595
10.7589903225, 12.4344802169
10.4673817228, 12.3268093454
11.0661317608, 12.723210322
10.7717809172, 13.0948848251
11.3759686257, 13.0561844684
10.9562970428, 12.6854754572
10.8612052528, 12.6136750115
10.4029619104, 12.0111695075
10.6230205997, 12.4547455696
10.2470043956, 11.7857366058
10.651680226, 12.4114497934
10.7369132648, 12.6109393901
11.1577660734, 12.8922970075
10.3964973545, 12.0159874647
10.7712645327, 12.4132779431
11.1334479416, 12.817569916
11.0592236591, 12.7113148905
11.2643273224, 13.0278493148
10.4524567827, 12.2480992249
10.4105686067, 11.9405355723
11.3131122446, 12.8872546595
9.97203426189, 10.7898622421
10.4422442182, 11.7843610367
10.4318484846, 11.3730692994
11.2851400525, 12.9109239835
10.5143221284, 12.1988236314
10.7878029715, 12.3731824227
10.4200036201, 12.2478663987
10.647067414, 12.0246605632
11.6480997496, 11.5736794901
11.9679815138, 12.0834201903
10.8470631693, 12.5847520928
9.92341309135, 11.2928413014
10.763446056, 12.3930874982
10.4522679865, 11.9631209131
10.5068598148, 11.6396062897
11.3797336448, 13.0019471547
11.2811495687, 12.9659746649
10.7684991708, 12.6009069316
11.2826201475, 13.0231709554
10.0619922274, 12.1087945596
10.2875862695, 11.4466623179
10.7071254543, 12.5627804384
11.3553674724, 11.7451304945
11.1223685642, 12.8678442317
10.5480027632, 12.5387012863
9.92836734154, 11.1810598045
10.3926850206, 11.6959277528
11.3935880959, 11.4928429614
10.8199442643, 12.2345470215
11.3393855101, 12.9400488256
10.999185342, 12.5348884554
10.9134417987, 12.7005082818
11.0391565418, 12.6585257688
10.814958982, 12.6035565422
10.9456648339, 12.7348874377
10.1984012237, 11.6455313356
10.7267177523, 12.1409216719
10.8612052528, 12.4640232687
10.1582736421, 11.6464869342
10.7764444838, 12.104600571
10.3637363918, 12.084462927
10.7703445694, 12.5563943702
9.92698415171, 11.9413144406
10.4330599314, 11.7046424481
10.243806629, 11.9239660363
10.3430864833, 12.0673857895
10.4813268396, 12.1880841697
10.6213606432, 12.1849807826
10.7426313391, 12.2505928964
10.7797785997, 12.5788527738
10.6959450946, 12.2273227752
10.285168644, 11.734113469
11.1803545089, 12.7138476152
10.7442690226, 12.1543729674
10.5098634255, 11.955793975
10.5673527134, 11.9494758669
10.7518699796, 12.2141342693
11.6276891784, 11.695076754
10.2505177529, 12.035176381
10.1111599159, 11.6474023855
10.4665281501, 12.3013931686
10.5025020131, 11.7266136005
10.9865527508, 12.4420503782
