9.734858065, 11.9571074371
9.3393706479, 11.759684034
9.09505760944, 11.2769498415
8.90795166774, 11.0375131308
9.38029757268, 11.8165827006
8.86022563702, 11.3072113915
8.98273562984, 11.1071708825
8.79084171899, 11.173827641
9.55798868698, 11.8817817096
8.6112168165, 10.7537076171
8.74361320792, 11.3204604037
8.97538379854, 11.0419277743
8.69862076382, 11.0921799435
9.19245635982, 11.389781344
9.07974333139, 11.3980702562
8.95879730743, 11.5360592797
8.7702204748, 11.5257300088
9.5889784783, 12.2517178438
11.3027514485, 11.8280892827
9.01563997914, 11.4058512373
9.1531450444, 10.9388635247
9.48418784894, 11.6924648063
9.61871996203, 11.7482271486
9.54293813619, 12.0610314991
9.65478577397, 11.9930194527
8.87014869823, 11.2415003386
9.41016365784, 11.6440781397
9.03978684971, 11.4295793519
9.69886183903, 12.0968793761
9.92683342951, 11.9692050685
9.77981697511, 12.0308965657
9.09463833215, 11.1641383114
9.03220687991, 11.3625890475
8.93455565737, 11.0249203836
9.4660531742, 12.1189413195
11.6330108281, 11.9489409154
9.67979265293, 12.1037074605
9.97600126222, 12.195730121
9.06745306224, 11.0995311058
11.4846335361, 11.6923281697
9.46565493639, 12.1443147887
9.58478517102, 12.1174620647
8.87718009353, 11.2432270833
9.26531637623, 11.683309715
9.15519522848, 11.382525325
9.61400422034, 12.0797908293
9.00166430183, 11.1587849634
9.89975559629, 12.1212939839
9.7379245119, 11.7647883666
9.88156948044, 12.1406218172
9.57505882186, 11.5764904473
9.51109256863, 11.8707701054
9.43648234664, 11.8423810149
9.77471923713, 11.8498245282
9.65077096531, 12.3615687915
11.3505602891, 11.4570521502
9.61404613493, 11.9429302549
11.2907652384, 11.6733487104
12.0847748256, 9.93881757363
11.1670466931, 11.6965312982
11.3922913742, 11.5227488672
10.6331567828, 10.940668272
9.33099759239, 11.5841125369
9.85464248656, 12.1638988233
11.0866122704, 11.4128649292
9.91452962507, 12.5955697476
9.17542983348, 11.3917714951
8.8887998214, 11.4561406356
8.94490783896, 11.4835164868
9.05644605518, 11.4364161126
8.79231113034, 11.1239651176
9.15061554194, 11.3740576996
8.95748648388, 11.2120709531
9.06232922899, 11.3740576996
9.7425506917, 12.3825391098
9.16863200918, 11.2239479807
9.31816054415, 11.8129884701
11.4678854759, 9.78444024999
9.38872341998, 11.6696260195
9.4446529071, 11.7837950702
9.19999215047, 11.9741160122
9.72277116958, 12.2015689747
9.71944251502, 11.9347814219
9.61754546749, 12.0559820707
9.62469189632, 11.8569631457
9.77839717694, 12.129508473
9.43114415818, 11.762935606
9.50733119663, 11.6251440945
9.9589569185, 12.0684389182
8.99396429103, 10.9726702361
8.62344635409, 11.2188214576
8.76973940459, 11.0832463378
8.9134014214, 10.8212055322
8.99819098205, 10.7968382182
9.54619938023, 11.9385597695
9.46690935289, 11.9543088935
8.9771656486, 10.5697943752
9.20963684829, 11.8761391125
8.88386121821, 11.2207189502
9.30182500264, 11.1930727517
9.47012219345, 11.7536237465
9.09203668359, 11.4847578538
9.17186040605, 11.1489482847
8.75814789892, 10.7737449404
8.92502035461, 11.2408621787
9.33445876073, 11.6083883014
10.0077839445, 11.960924735
10.1267056112, 12.0244723193
8.78979688203, 10.8397370918
9.00131924137, 11.6548106872
9.07353437048, 11.0701941509
9.09529838983, 11.3060411411
8.85857151544, 11.0755042868
8.78968513924, 11.3210500262
9.4315931043, 12.2915076026
9.14632738047, 11.0527197639
8.72374023228, 11.1701344401
9.47496985839, 11.5778499586
9.05221569182, 11.1303006231
9.03405772148, 11.2188261594
8.61944322876, 11.2878008152
9.03969779615, 11.3808758976
9.75793705116, 12.1982567504
9.50307759908, 11.9025264188
9.41941068373, 11.7008457671
9.31923110458, 11.6778334017
9.3624775023, 11.6953646698
9.14659133147, 11.5483757344
9.5007569135, 11.7352715802
9.7257505472, 12.1333063828
9.84437209366, 11.9658456541
9.39660478118, 11.7508135635
9.57796223933, 11.9901256154
9.70298010247, 12.3191684187
9.67441526019, 11.9419837706
9.568987359, 11.9941701465
9.12717424689, 11.3324986387
9.1002867007, 11.1773425635
9.54244570914, 12.0016792477
9.18852658621, 11.1087649053
9.3446677137, 11.3702559386
9.25999227203, 11.2684683983
9.62077347658, 11.8942444315
9.30358449782, 11.8390546502
9.78034811423, 11.955403275
9.46613522957, 11.0503088998
9.17928575324, 11.5130621477
9.04970228279, 11.357159857
9.08027764224, 11.2165094712
8.81394803601, 11.2003139691
9.55834821188, 11.8113934782
9.20590428486, 10.9211604048
9.06924874097, 11.6087127168
9.81508700923, 12.410823354
9.58677985021, 12.0762729698
8.99574378127, 11.3415994237
9.36428927554, 11.6974419958
9.35438713023, 11.1003041841
9.46877164579, 11.9398813726
8.79794179676, 11.4940855373
9.51218765803, 12.0322614461
8.40891999537, 10.7615234277
9.03377095208, 11.0678919086
9.62636846124, 11.7794362486
9.7963409092, 11.9166300953
9.42818566249, 11.8628012652
9.60492122032, 12.3325251436
8.91099998394, 11.3970410362
11.2632539268, 11.5677076911
8.91414243905, 11.2178762984
9.18052483375, 11.2665986904
9.45135410807, 11.6594952864
9.00653798704, 11.0201595665
8.95022914658, 11.2070494945
9.19388263761, 11.0163345315
9.10199646515, 11.2099219718
9.01769842491, 11.3902611402
9.07895557238, 11.1448191143
8.84152050637, 10.9510673526
8.93817606324, 11.4893608555
9.73779645393, 12.1080689519
9.72898889984, 12.20151488
9.67231805725, 12.2240014923
9.85769588026, 12.3851827134
8.76074055341, 10.4796713438
8.79268545739, 11.2153256143
9.27678755224, 11.865089388
9.29914457713, 11.340712675
9.47049196929, 11.8621918663
9.10433081331, 11.5795239927
9.44622808678, 11.8076410779
9.66752707909, 12.0872422938
10.9699504777, 11.3258964035
9.43927008771, 12.1880769088
9.69221308869, 12.0931212472
11.3754494586, 11.4681248895
9.93845370943, 12.1547157816
9.16875773604, 11.3902533144
9.48351608938, 12.0120392188
9.63074998443, 11.8705684784
9.78729482603, 12.0185754575
9.76542014644, 11.8548764521
9.45907081037, 11.9131647014
9.4590201798, 11.6624426961
8.97863574303, 11.1232098716
9.68666611399, 12.4671765456
9.56770167297, 11.9079621999
8.92276951859, 10.9810685421
9.46742040185, 11.1756861294
9.02686885986, 10.9456487214
9.70870571338, 11.8302928285
9.58784784402, 12.1688398533
9.62041062483, 11.981882802
11.4257872125, 11.7146376002
9.47719560527, 12.3636411826
8.8483630631, 11.0975797914
8.94334806615, 11.0495687445
10.9130232744, 11.5006367691
9.1447219465, 11.8705810068
11.3125702359, 11.5602672659
9.66844226495, 12.5028478634
11.193066776, 11.5042709972
9.43329669852, 11.6788492892
9.57873020254, 11.8580083288
9.61527067979, 12.0317208568
9.7041409219, 11.9937340004
11.0935445146, 11.5470729484
11.1752602984, 11.6287374038
8.96607212117, 11.0158224723
9.26761029124, 11.2177291223
9.51203180592, 11.8293676018
8.79258886723, 11.1110784829
9.29008914697, 10.7548184081
9.2967202016, 11.0396529259
9.06113306523, 11.1637409551
9.83079246978, 12.1663212196
9.90084749264, 11.7459195038
9.87408434997, 11.9713271944
9.34277691644, 11.8199230631
9.45459688756, 11.9875141237
9.55961816088, 12.3200235645
9.10913117899, 11.5433755813
10.9843972812, 11.4589611211
9.57669155362, 12.3144488747
9.6502490522, 12.1369761969
9.64335471593, 12.0729753119
9.44886350368, 11.4230182525
9.60547263335, 12.3356992055
9.41992103003, 11.8874510607
9.41992103003, 11.7241729871
11.1770916926, 11.5289959125
9.35423709042, 11.6254927176
9.84437209366, 12.5126756958
9.68072479412, 12.2358599742
9.75700900953, 12.2312802994
9.18591217157, 11.8094932209
9.63235836934, 12.0915814642
9.47868786692, 11.7805643199
10.9575358957, 11.1513593945
10.9387340614, 11.4173183546
9.78612902181, 12.2255801466
9.38231465651, 12.1478692575
9.60313910993, 11.7193069795
11.4490181971, 11.6276804887
8.92311473466, 10.9894894669
9.38946918063, 11.8655318936
11.3158418944, 11.5974764535
9.71808398686, 12.5088579899
10.6513593183, 10.9796607842
10.1655560459, 12.620882268
