9.16568583088, 12.1395607511
9.31094494201, 11.807621422
9.9066995846, 12.6779273206
12.8992171708, 12.6635885988
9.51239786883, 12.0875009961
9.67496810618, 12.8730631858
9.58617020935, 12.8730274212
9.38762204616, 12.9734899983
9.53632668415, 12.4196028601
10.1436245527, 12.9944438792
9.67373800543, 12.9221065126
12.7966344759, 12.563890088
9.68646798326, 12.9027274329
9.74803675991, 13.0281422859
9.55035215986, 12.6383240366
12.3849697309, 12.1446025727
9.7098471782, 12.6606326146
9.4403884403, 12.3082866246
9.47746428555, 11.6501855328
12.4463790411, 12.1505980854
10.1215335173, 12.7972371619
9.45128716387, 12.2914101541
9.54618630242, 12.4822979684
9.38453508999, 12.0986943779
9.31786630206, 12.2763242389
9.65954437378, 12.7994911636
12.3154852481, 12.0818060726
9.57289815301, 12.6147698913
9.13413045619, 12.0697221148
9.96465814624, 12.1104139503
9.65694272521, 12.2692237183
9.98794643427, 12.9778340283
13.457899049, 11.0709962219
12.796774818, 12.2999782376
9.64313197892, 11.9967459297
9.2254391708, 11.6587590453
9.78566819462, 11.8045544769
9.52912305368, 12.0976531568
10.0949017997, 13.0163791955
9.47421677879, 11.7121587035
9.24619755724, 12.3013773036
9.43753920498, 12.238930218
9.600197089, 12.8268376147
9.59342966775, 12.4476052743
9.9298439228, 12.9099460314
9.30608710711, 11.9682277999
9.82913041652, 13.1183916478
9.57289815301, 12.3540568623
9.44426421842, 12.2339491144
11.6877847274, 11.4241871184
9.18926158352, 12.1243387919
9.27489311311, 12.4489168372
9.5371033024, 11.9474059959
9.27596496434, 12.2812221201
11.3132953101, 11.2420588229
9.47590602557, 12.3145469457
9.79157307631, 12.1665790721
10.208246183, 12.1448595849
9.0545261501, 12.1367561044
9.45658832321, 11.826249584
9.63983433649, 11.9990584515
9.46613090403, 12.3655411029
12.1521752466, 11.7610835049
9.33432728997, 12.0796267973
11.7911336059, 11.6161002456
9.24840225268, 11.7535307399
9.44820528076, 12.5386537001
12.4108515961, 12.3334712859
12.6060138089, 12.4342077149
12.3594687755, 12.0724564648
10.1548875043, 13.1606082132
12.4772748976, 12.1011983131
12.8234490937, 12.5495786623
9.63232853274, 12.9935710946
10.2155942484, 12.1066686275
12.2950754226, 12.22194987
9.37404392097, 12.5440738428
9.66960541815, 12.1076993924
9.59041313611, 12.2115163061
9.53619304115, 12.4494561857
9.31558841048, 12.3059949659
11.6557264455, 11.538940047
9.72244516859, 12.30381449
9.43341196299, 12.2540130986
10.2790216218, 12.7576117108
9.05829973844, 11.8635292305
9.48814900384, 12.0401827
10.0491008866, 12.4669496559
9.47399990242, 12.3471154565
9.72794804558, 12.7231952137
12.3188997422, 11.8156859062
9.50241725185, 12.8858692773
10.0999305557, 13.1660796607
12.3627964149, 12.2087866615
9.42882802673, 12.1532789028
9.39548795933, 12.2847001916
10.0193021187, 12.8703740902
9.29568683071, 12.5116335923
9.76145854781, 12.8859537604
9.62622535946, 12.8163532229
9.6510425193, 12.2569906527
9.52080158703, 12.776109151
9.9189247045, 12.6483123118
10.5588016453, 12.9725746254
9.62376868523, 12.7400722619
9.74422645806, 12.8001142991
10.2270333739, 12.4259158804
9.26923967525, 12.0009027799
10.0484986201, 12.8624505825
9.61863401588, 12.5129717107
9.59222658276, 12.6553453441
9.90283658718, 12.9324521505
9.66541334558, 12.9404445726
10.3092309921, 12.9793325272
11.6962892999, 11.515280497
9.60805209951, 13.3069569882
12.4157577472, 11.9399307897
9.59222658276, 12.8074730745
9.72059074096, 12.7625082904
9.74456607185, 12.720055883
12.6722100758, 12.3895773223
9.64268890313, 12.6193632725
9.18172484673, 12.036478935
9.70959517764, 12.1040932792
9.27254638088, 12.2394109818
9.56672010113, 12.4063324593
9.39819079154, 12.0421698436
9.4592954707, 12.5351624173
9.25777254686, 12.477774934
9.6333396423, 11.9012101214
9.21367247935, 12.4758803928
9.38318299328, 12.2240202497
9.26697207484, 12.1417788722
9.77261933313, 11.8724131191
9.40701505569, 12.1857586761
9.41703917585, 12.0885581589
9.54486377262, 12.9387661462
12.7050349751, 12.3684977362
9.30598172946, 12.1628906818
9.56672010113, 12.7100794945
9.13901227524, 12.593355435
9.97804055758, 12.8797883252
9.44985009549, 12.284285679
9.41572606344, 12.5416430882
9.27282247925, 12.3059949659
9.82556809581, 12.6333396423
9.43341196299, 12.8373079005
9.79210688648, 12.8925816082
12.4485434968, 12.1586463604
10.4382734055, 12.9879682832
9.77860991321, 12.244114693
9.79728123276, 12.8862660277
9.36160087486, 12.7268259004
9.51911040953, 11.9515929412
9.54238742665, 12.2930376039
12.464314649, 12.3836407103
9.57210781342, 12.7278943658
9.85234155647, 12.734235858
8.69645050072, 12.2552591859
13.507533193, 10.7666992274
9.21065706774, 12.1354464202
10.6516895452, 13.031632092
9.39698426298, 12.8226499434
9.23507676264, 12.2561923159
11.771505311, 11.7200964269
9.51868548877, 12.0042135888
8.98859440487, 12.4827476331
12.5859011465, 12.0996264537
9.30677770002, 12.1511847856
10.0551717133, 13.1281603209
13.2329239888, 10.7011872392
9.27254638088, 12.3054138957
9.57171740537, 12.8623079018
9.77014615294, 13.0816882242
9.84413920963, 12.8434043943
13.1812555547, 10.4093163695
12.6578997697, 12.2535345114
12.5904415033, 12.2587732997
9.64674271266, 13.0094806971
9.57340863659, 12.8056719618
9.45044062542, 12.3763637365
11.6424711022, 11.5240838565
9.45474622948, 12.1105678361
11.6160462994, 11.4835681524
9.71279674793, 12.9561647533
9.85120913996, 13.2021815685
9.15200828085, 12.3553756604
12.7056620933, 12.6363736208
9.47764896613, 12.5319610454
10.0598673845, 12.4555544881
9.31558841048, 12.0443002968
10.2625685317, 12.1727452894
8.96454964962, 12.346606635
9.44694655919, 12.2823239325
9.52539818047, 12.213564403
9.40337638851, 11.7322176845
9.50239082174, 11.9292382717
9.86714039354, 12.8214651289
11.8222568835, 11.6910423269
9.48034439624, 12.5181485558
9.62670877624, 12.1982042489
9.16393487354, 12.0984375644
9.48737347893, 12.4348357966
9.25387324704, 12.0831068701
12.6651325393, 12.3758792744
9.52929367078, 11.6884737592
12.5505350089, 10.2708762333
9.81629373692, 12.6852449983
9.4676255257, 13.0185520732
10.0132441906, 12.9797794262
9.26884755947, 12.2431669847
11.8980607572, 11.786128711
9.53539973618, 12.2668443879
11.38030606, 11.2371909711
9.46846765234, 11.697968948
12.7844559571, 12.1971880062
12.6444685653, 11.9287445624
11.6257173291, 11.1547199009
9.29103768396, 12.3869102048
11.5795455367, 11.4765366096
9.51597335482, 12.2475846887
9.40745731922, 12.5177745626
11.7747598239, 11.6402058679
9.84438672256, 12.3518795839
9.34582004827, 11.8663173076
11.4305691378, 11.5294836475
9.67796259129, 11.9999336402
9.28940186381, 12.1701611984
12.2492335353, 12.077524306
9.64535265283, 12.608830386
9.31644539087, 11.9989279277
12.5811582893, 12.3164385995
12.8890030626, 12.6548928431
9.91999464986, 12.7381091926
10.0286901607, 13.0960093864
9.16750342488, 12.0605697157
9.32462233818, 12.1527137432
9.29220342549, 12.3266193622
9.52532847016, 11.998348238
11.7311029103, 11.55438871
9.30019957764, 12.1274653641
11.4262218167, 11.9378576868
11.7606395989, 11.3446939659
9.42187280801, 11.8537362884
9.24988668664, 12.1339992068
9.83477647799, 12.1305579964
9.48293826989, 12.70539892
9.29045885618, 11.8241560493
9.62252062845, 12.177944
9.97779588584, 12.0563943007
9.43031523505, 11.9626743138
9.07439480737, 12.3681257115
9.52431406575, 11.9524304402
9.78069006147, 12.0796272813
9.316512866, 12.4003626618
9.5371033024, 11.9274943575
9.58176059631, 12.1197977151
9.28329494543, 12.4188452608
9.35571920106, 12.2087242315
9.48695144702, 12.1487339121
9.56502740959, 11.9363535231
9.49376618414, 12.048596329
9.23853987029, 12.0580336517
9.56672010113, 12.316173361
9.48695144702, 12.6417365972
9.27577385706, 12.5577777252
12.1327935398, 11.710668313
9.44694655919, 11.9934685525
12.2310516193, 11.8509777964
9.38600505095, 12.0573969834
