10.2030775501, 12.221466836
10.1308838794, 12.0983514799
10.1342345212, 12.3174608559
9.60345245043, 12.322139296
10.0955118844, 12.0389409913
9.70304527862, 12.0622272776
9.60377628657, 12.0858283795
9.73417838613, 12.2990870977
10.1238089602, 12.39519091
9.80500741037, 12.4119697315
9.64386397721, 12.3891244452
9.75578482702, 12.3623756234
10.2640011251, 12.4411952348
9.55600248275, 12.3458701859
10.0670535456, 12.326181478
9.95671152807, 12.2902302526
10.1864467255, 12.2540003257
10.1418362267, 12.5428977647
11.8789097556, 11.6272176599
10.0258356192, 12.313414754
10.0461947827, 11.9955299126
9.79222905323, 11.7663424714
10.0030051704, 12.1419371149
10.2464940523, 12.5573354084
10.3801411682, 12.2580100809
9.83742392505, 12.0688028226
10.3555581677, 12.3717863182
9.7887775397, 12.4312865435
11.8781745651, 11.9581111233
10.6635523494, 11.9649248235
10.0673326291, 12.2397953266
9.95807476567, 12.112292001
9.96214103732, 12.1349819495
9.99841116239, 12.192006144
10.1055636928, 12.1666062721
10.4646622556, 12.5367853548
10.5815480173, 12.3917838162
10.101059259, 12.4523755964
9.85355085345, 12.4320105906
10.2113236539, 12.2609425521
10.1323900095, 12.5121854902
10.2268387178, 12.5087004121
9.6226715902, 12.2110421715
11.6504819079, 11.8505486276
9.96402096101, 12.3293710851
10.2639012586, 12.276752049
10.1608319249, 12.2435469634
10.1538327908, 12.3071118391
10.3057553536, 12.0720165417
10.726832854, 12.2487016274
10.4386341724, 12.2458144684
10.4407031963, 12.2914875502
10.1234694814, 12.3129645249
10.4888558295, 12.0171107889
10.2135891935, 12.3498202151
10.1986739425, 12.8248212855
10.4727727103, 12.2443417036
10.0196732078, 12.0676666226
10.281729346, 12.6553851111
10.44923218, 12.5916576079
10.4241776429, 12.2678545176
9.90997040383, 12.1027634703
10.2083710697, 12.4056423938
10.3567312383, 12.5835411854
10.0956564196, 12.7614309024
10.1084950561, 12.4608923273
10.031012943, 12.3017010536
9.75547498367, 12.3205225611
10.0641249841, 12.2555693366
9.69210612386, 12.2699512395
9.84908751005, 12.6375187775
9.80182865903, 12.2406654971
9.89796890106, 12.1979954721
9.59146469294, 12.1710875221
10.5011859918, 12.3463757391
9.57806551366, 12.1804076948
10.2404816483, 12.1755427204
11.3407186227, 11.5730712375
10.4841027141, 12.2295179521
9.96193417921, 11.9652867233
10.1623335451, 12.061657411
10.1393295463, 12.1997998951
9.92948268923, 11.9669201709
10.3434013669, 12.0844146422
10.5226855888, 12.2260967779
10.5363160896, 12.1549686886
9.76322462887, 11.8458619274
9.95630152737, 12.3224830885
10.1262547447, 12.1057928789
9.98997620612, 12.3159054934
9.71140368626, 12.2211109336
9.99816761484, 12.369027621
9.89188244895, 12.3852577359
9.81098539289, 12.1390383963
10.0247317307, 12.0736747238
10.3507399532, 12.254314507
10.3027016995, 11.9223931047
10.2349249123, 12.3062283468
9.78632435146, 12.0661105075
10.2281533071, 12.2475103952
10.1834476084, 11.807249327
9.70864109292, 12.1704861526
9.89768240248, 12.1746196827
9.64607539643, 11.9774023353
9.77022886709, 12.1598739514
9.92156091976, 12.3265002592
10.2509560408, 12.3956436727
10.1698844133, 11.9492823178
9.66163042529, 12.2830942
9.86399140383, 12.2390255309
9.90419406031, 12.518538021
9.54581237393, 12.1768483221
9.68803899555, 12.3599816432
9.42215466774, 12.2802515027
10.2596531355, 12.696350887
10.0828670983, 12.2268250312
9.72719293238, 12.3254932306
11.9281025548, 11.9011203953
9.67350188213, 12.3683666566
9.72158588785, 12.1671514
9.85713158869, 12.1357616456
9.8917818147, 12.6523441762
10.3629991106, 12.4693287253
10.2700777117, 12.2629519879
10.1431868818, 11.9084451064
10.0917791048, 11.8871382225
10.0422597855, 11.9911505324
10.3506210515, 12.5116892939
10.0869285001, 12.2148909651
10.2196491601, 12.1330259095
9.93052126045, 12.1158387969
10.2548030571, 12.3350398929
9.59086491022, 12.3299013809
10.3227974226, 12.5987211382
10.157455371, 12.1652562792
9.86847887817, 12.047551092
10.4295040083, 12.5147525522
9.93257279725, 12.3549866789
9.92681892283, 12.1498210925
9.6930151607, 12.1915421555
10.0838070876, 12.3519375868
10.1882431812, 12.6871052697
10.0391007703, 12.5111331791
10.1232793459, 12.1001295381
10.1738404505, 12.3214092652
10.5452405067, 12.3955878798
9.75348676582, 12.2186463842
9.73677867404, 12.221317772
9.74483608239, 12.372270279
9.6639713861, 12.4672268218
10.2962985451, 12.0817306793
9.72223638936, 12.2177575426
9.59318329354, 12.2592593696
10.2529688804, 12.4235935968
10.0686857659, 12.5293449085
9.98647032049, 12.6111351052
9.99338133059, 12.3924671631
9.49953550701, 12.1531784795
10.1256798078, 12.4990105174
9.90231601957, 12.1915086784
10.3048925925, 12.197705077
10.1945735202, 11.9841629602
9.85135196607, 12.2677414132
9.960657686, 12.0378819173
10.4774007217, 12.3886888816
10.4950837235, 12.2049804346
10.4795597357, 12.6070292683
9.74503861344, 12.2085065327
10.2257688922, 12.4978686153
10.03320574, 12.4955795101
9.89961810944, 12.3161364356
9.96143309745, 12.5910692747
9.66884469715, 12.1021939969
10.0596508981, 12.1403054284
9.50820980163, 11.9053395237
9.85342617814, 12.3940739806
9.99385072862, 12.1341735777
9.85790263123, 12.4129182595
9.77474709585, 12.269073577
9.63356059838, 12.266518058
10.8023868459, 12.5361946239
10.0916565688, 12.1794942421
11.8667121908, 12.1116442955
10.1915869883, 12.7389243333
10.0382651598, 12.3324248537
9.75028796426, 12.3357891727
10.2950218649, 12.3518714828
9.80245436762, 12.0400719523
9.8519873566, 12.1806786839
9.81026055281, 12.5074306519
10.1907016002, 12.123887343
10.52848627, 11.9836835893
10.2464874166, 12.2716832861
11.9034100314, 11.9547955584
10.4124739353, 12.4346644781
11.8863089764, 11.8710026662
10.5064956485, 12.2305052311
9.53829904532, 12.1028617551
9.87806007331, 11.8872308879
12.3787162741, 10.8153553072
10.2864454245, 12.2165909781
10.2829715322, 12.052601998
10.0249771534, 12.1771336912
10.1973861437, 12.02699367
9.45138440614, 12.3217349118
10.5148212657, 12.6331184794
10.3790978247, 12.1139663402
10.3723525976, 12.3615671066
9.66013403572, 12.4849584252
10.2462012711, 11.9777896001
10.2746945945, 12.2284614612
10.1932214735, 12.6460627778
10.0231737167, 12.1745592799
11.7990824024, 11.6565406899
10.2912646817, 12.4141411976
9.8241369083, 12.1301548417
9.85617709813, 12.1672069942
10.2433915645, 11.9819826996
11.7155167276, 12.1239394065
11.5918934653, 11.5454834412
11.6809488082, 12.2507209362
10.266626624, 12.6470160574
10.3215311208, 12.0565797488
10.2729357882, 12.1456518627
10.5437828055, 12.175403899
10.2777978134, 12.141380336
10.7685900111, 12.3948335552
10.2560420722, 12.61204042
9.4017546499, 12.2964603237
9.94751975538, 12.2296242598
10.1771404272, 12.0817963765
9.82990916383, 12.0142144178
10.5479207065, 11.9779794179
10.109377722, 12.0598977414
10.0502261598, 12.3618604386
10.3421373177, 12.3480559214
10.5546663079, 11.8721629135
10.0266032842, 12.2273073259
10.0814590356, 12.0147589701
10.5506950193, 11.9411849192
10.1651456601, 12.3536003157
10.0355221148, 12.1880854145
11.9467908478, 11.9993987135
9.78158139697, 12.3815476222
10.2738257892, 12.3429687094
10.041416117, 12.4357767717
9.96606316877, 12.3263630676
10.4031549718, 12.6828551446
9.98451975965, 11.8623074613
10.0009405454, 12.4192899993
10.069755115, 12.2520543331
11.6158766252, 11.9635353782
12.0520885001, 12.0231596692
11.8514782262, 11.8276949451
11.7014297921, 11.9519375994
10.459803398, 12.2933221079
11.6941452246, 11.5649117972
10.0736357672, 12.2524028356
10.2327977822, 12.3941041642
10.2933775005, 12.4512145796
11.3172458561, 11.7096395251
10.288317805, 12.4436265359
10.1241284005, 12.3428421106
10.0827239851, 12.5221570875
9.83276216857, 12.1770636264
11.6890484233, 11.9193199955
10.5067012941, 12.610245155
10.2012436549, 12.6480666198
10.3064413752, 12.5246000199
10.7764723781, 12.5089182109
