12.2530691358, 11.0417354757
12.2017718234, 12.1189856848
12.1569916209, 12.0236835123
12.157681315, 10.0752337888
12.2454720796, 11.3772344493
11.9425145053, 10.2024652229
12.0262151565, 10.1532370832
12.0567887827, 10.2431334272
11.7987069567, 11.8382289121
12.2198528475, 10.2915820375
12.2528984042, 10.2491795545
12.1387130407, 10.2737386571
12.3735272162, 10.3381189489
12.1379933829, 10.1508024265
12.0699645327, 10.2379940848
12.327972342, 10.3004791374
12.1102011738, 10.4142926045
11.8702945267, 11.0057971425
12.3247477325, 11.3584085115
11.7956476464, 10.0580314692
12.3521804594, 10.7246976856
12.361801129, 11.3188060291
12.5887912415, 11.4911666969
11.7140734888, 10.7596407258
12.469884804, 11.4140830117
12.0913343728, 10.3111952989
12.2569013851, 10.7196210158
12.0928332383, 10.274514889
12.1113381087, 10.810672604
11.2635732406, 12.4228014288
12.4420879077, 11.3436701641
12.0569746987, 10.1731490753
12.1495205961, 10.3045990095
12.109848855, 10.08584674
12.3171248081, 11.3757212621
12.1092784874, 10.827079982
11.9210552031, 11.1039760363
11.8719082065, 10.8372721065
12.242268472, 9.98914449146
12.3343056541, 11.4404229581
12.2723330144, 10.9540285996
12.1046368505, 11.1291632971
11.9966911956, 10.1785680567
12.204195753, 10.6756411865
12.1834024817, 10.3822404984
11.250384279, 12.5955062047
12.0691130153, 10.3528597767
12.3764043038, 11.1898878466
12.4290927797, 11.3928287159
11.969000763, 12.1485021044
12.814915951, 11.3944190728
11.0505165604, 12.5228085143
12.0658816953, 10.7847352537
12.6036286308, 11.3920612786
11.9623652325, 10.8963041799
12.1218259629, 10.6294486709
12.4815443769, 11.3680815584
12.5388419055, 11.5768396064
12.1387452241, 11.2567150977
11.9521764497, 10.8494480867
12.2845894452, 11.4389544114
12.1843937744, 11.0775800582
12.1979485767, 10.483872594
12.1882661877, 10.769600875
12.2272298742, 10.7083399815
12.2919945666, 11.2571599772
12.0696164452, 10.0410065986
12.221406181, 10.5994493047
11.790504203, 10.1515932819
11.9614259799, 10.20180054
12.1383877229, 10.1332866979
11.9970791379, 10.3255788363
11.5142887497, 11.2853394227
11.9258351564, 9.98584872618
12.1620613573, 10.8590526548
12.2803805504, 10.3067003374
12.1848857098, 10.8457708828
12.5884342604, 11.6123530922
12.0730465211, 12.083805282
12.1523898623, 11.2446777216
12.2371282738, 11.0018319541
12.4967943915, 11.4706607638
12.0114542081, 12.0119883973
11.8541846862, 11.9312622163
12.4308842094, 11.2151495424
12.3508385671, 11.3617005197
11.9202173122, 12.1050602391
12.9357669471, 11.4975550225
12.5601912295, 11.2562547331
12.0176893711, 10.2502168474
12.3312865321, 10.1920131863
12.2533082406, 10.2841065054
12.1989171603, 10.157210235
12.3039034516, 10.2501002573
12.2845894452, 11.0849607776
12.281790614, 10.8572740727
11.8399824059, 11.7963351868
11.9199017023, 10.5476188935
12.1573756484, 10.2667222941
11.589478249, 11.3506291023
12.4616310561, 11.3150893109
12.0664907346, 10.1531751758
11.7729122353, 10.3359663516
12.1916887574, 10.1856998572
12.3224747841, 10.1550815394
12.1415873655, 10.2068273835
10.835728489, 12.0181086472
12.2522121121, 11.5099434382
11.9796828387, 10.3638560634
11.8710743937, 10.1111599159
11.7215675972, 11.5888284979
11.9571074371, 10.1378397338
12.1958743611, 10.2397108637
12.3361851936, 10.1308384576
12.1600040287, 10.7843898338
12.4374252952, 10.1626437611
12.1829512546, 10.3380570247
12.317742071, 10.8101744182
12.0262250821, 10.3049004465
12.0004763555, 10.2553717978
12.2098497922, 10.2864882007
12.3899741182, 10.0500978247
12.1117644383, 10.7586860134
12.3714525102, 11.2020283019
11.3574661585, 12.5276028668
12.3874640091, 11.4140427517
12.5210986496, 11.3211577219
12.5043469147, 10.7691004485
12.857378734, 11.2815952583
11.7309881635, 11.9976081868
12.2083283757, 11.2181289491
12.1363036828, 10.6317450485
12.4439667815, 11.1367703994
11.9997354317, 10.842858529
11.7972532036, 11.9994761378
12.1865154589, 11.3440562008
11.7722701101, 11.743086113
12.2606955041, 10.3507169247
12.2256256642, 11.4955662547
12.0633428961, 10.1826387709
11.5054114121, 11.2622585925
12.390844191, 10.9398975409
11.8720597713, 10.7713378801
12.0382994397, 10.9721242392
11.5574484625, 11.4985896922
11.7194743731, 11.4760543521
11.9430493715, 10.0635604782
11.8043922863, 10.2082028113
12.1778860776, 10.1368028168
12.0769007067, 10.0763918284
12.5223509696, 11.5408723171
12.096604948, 10.3328413741
11.8819213396, 9.95538483472
12.0725317356, 11.1357215758
11.7790344878, 11.5892700007
12.396652822, 9.9237948493
11.585760633, 11.4258368141
12.1355161988, 10.1112067431
12.198983541, 10.8663744227
11.4472552891, 11.5170619835
11.9129613038, 12.2385677283
12.4286500977, 11.3752635528
12.2992484545, 10.1573322523
12.0710007965, 12.0596098677
11.9278563387, 10.7624146717
12.4447461484, 11.3116348415
12.2007997557, 11.0561592302
12.2803927298, 10.1920131863
12.403409058, 11.4159313098
12.2704353703, 10.2379940848
12.1513225308, 10.4644786251
11.6078532761, 11.7899717846
12.0419037606, 10.2082026232
12.1404318716, 10.3808029191
11.7813962802, 10.08464047
12.1078103034, 10.2178770001
12.0787157578, 10.3747930595
12.3004588843, 10.4650550943
12.1306949487, 10.4393945047
12.0677541208, 10.2180747734
11.1588740922, 11.9173322207
11.7816385347, 12.0154899195
12.2009715096, 10.9184460293
11.981203525, 10.4896771603
12.3473491988, 10.3458839655
12.3252869961, 10.2008993788
12.1642305796, 11.2517465947
12.2096169235, 10.3747621857
11.831235326, 11.9213943972
12.1335129267, 10.8239620395
12.3932086047, 12.3424219124
12.3655738829, 11.5354567589
12.3396513605, 11.3736514187
12.1290531476, 11.019190971
12.3354579265, 11.1634998203
11.6526027323, 10.8034052758
12.1789375662, 11.414824711
11.9626743138, 10.4676207002
12.3341707831, 11.3053933379
12.2261346951, 10.6568334618
12.1999824273, 11.4300752969
11.8904041424, 11.987700913
12.5970954551, 11.2848478816
12.1764706377, 12.1036095632
12.0020045612, 10.304730872
11.9867209304, 11.1873392423
12.193600262, 11.402667985
12.4615710995, 11.2289125431
12.3222975923, 10.6833687221
12.5004920646, 10.9036410353
12.5430299987, 11.4170553084
12.0960462052, 10.6659557172
12.2202089698, 11.0642029745
11.9999726591, 11.0498516025
12.2094962339, 11.3390879096
12.2837319406, 10.337021374
12.2192824436, 10.2279424386
12.2371282738, 11.4146559119
12.1411768872, 10.6021309739
12.2504840179, 11.1538689744
12.1279141472, 11.4204066926
12.556297709, 11.0359798553
12.0345407502, 12.3410686618
12.0056578209, 12.0957795839
12.3426801957, 11.4528285511
12.4211057598, 11.3865674283
12.3697930045, 11.1063194071
12.1716327884, 10.9464008408
11.9754241224, 10.043621152
11.7635398482, 10.051805288
12.0442868581, 12.191024109
12.1169820512, 10.4235412897
12.1029462085, 11.9166827991
12.2786124603, 10.6156416007
12.1255393147, 10.1842596861
12.1132925308, 10.8273533855
12.7183227128, 11.3893417677
12.6382537119, 11.0397019975
12.3897462742, 11.2272569192
11.8185688798, 12.1722323018
12.2127327841, 11.304375121
12.392224908, 11.0311974454
12.1235366068, 11.2235799145
12.236812222, 11.4321011201
12.3067876335, 11.5737702565
11.6381621952, 10.8165554568
11.6332096408, 11.4981392539
12.17102329, 11.0017074196
12.1086393944, 11.1178241154
12.1843407282, 10.4612429765
11.9443921521, 10.7443963735
12.0056578209, 10.4783525188
12.1654769163, 11.4193477214
12.0687145341, 11.2001670771
12.293493897, 11.0739523958
12.3501233278, 11.4805518596
12.0889268245, 11.2385608951
12.2940788716, 10.9960451276
12.3159654618, 10.9664313484
12.676348192, 11.5014484374
12.1125975629, 11.4656132434
12.1291541619, 11.2815790594
11.9489363534, 10.2942706628
12.1426454106, 11.0714133102
12.2390882938, 10.3210321641
11.9855861497, 10.4378630055
12.2299187056, 10.8912602287
12.4049136658, 11.0425087367
12.2461071453, 10.7302168548
12.2563195644, 11.2432270833
