12.4639250896, 10.5021506934
12.5518985736, 10.9629736249
12.9704525309, 11.092383564
12.4958152144, 10.2805538522
12.339129195, 10.4882910641
12.2046513732, 10.5822777685
12.4649740675, 10.4906883079
12.1130337721, 10.0454455563
12.283690411, 10.6212927208
12.8520312816, 10.5490267507
12.1253713127, 10.1305679764
12.405808931, 10.0342485779
12.5904062915, 10.7026635672
12.0395480717, 10.2125235072
12.0508513302, 10.3439755245
12.1093331907, 10.382546793
12.0834486848, 10.2555137249
12.2512545287, 10.5580954328
11.7840532466, 10.5697509531
12.2859437845, 9.99222900238
12.8889785691, 11.2301064613
12.2969158572, 10.6477731755
12.2138999153, 10.5549862185
12.3506388997, 10.6828580035
12.3657585345, 10.6495417521
12.2470427428, 10.4750555751
12.5290040881, 10.8963833471
12.2340976493, 10.5161937416
11.9906453564, 10.098633743
12.3627689582, 10.6881754522
12.3430072197, 10.5414979527
12.4917498183, 10.302383264
12.3550279581, 10.5479175896
12.2724951233, 10.0696158115
12.1590376178, 10.517709781
11.9820894255, 10.2822549204
11.9565349782, 10.5027283481
12.291109641, 10.5224038522
12.7780475805, 10.7015237857
11.7607497611, 10.3064189097
12.3762038151, 9.97347928019
12.0676283527, 10.3023759288
12.2062038811, 10.2327668937
12.7038935104, 10.8728071301
12.1915162592, 10.3432360406
12.2610640648, 10.537591996
12.432777681, 10.5116931645
12.3670251125, 10.5669148966
12.2614684724, 10.5889392206
12.3846005914, 10.7778793327
12.300932822, 10.3410490602
12.19458689, 10.3249520933
12.2399883041, 10.3197244416
12.5232978201, 10.5757273127
11.9934143849, 10.4979371377
12.2932723421, 10.4643561711
12.4461269075, 10.8565011754
12.2985163233, 10.6818568704
11.8425058084, 10.2058830472
12.0938611577, 10.2743732981
12.2808079006, 10.6277750444
12.6060149368, 10.8722874142
12.4055602098, 10.4726578388
12.3311717464, 10.6900991681
12.4129627782, 10.5392451498
11.8888241043, 10.1587712142
12.320928324, 10.2107221711
12.3245174809, 10.3953282407
12.2045735136, 10.4043831442
12.0635031367, 10.1242591099
12.3387879796, 10.421618997
12.1840810021, 10.2997569094
12.1764025044, 10.2179038613
12.3068972388, 10.25095063
12.4331188191, 10.6423673898
12.0760404719, 10.3373372434
12.505305651, 10.6093714135
12.1092415273, 10.7000882251
12.1684029012, 10.1334062663
12.3089102512, 10.6887650731
12.3023592569, 10.3338492968
12.0685455688, 10.4692378782
12.4205497225, 10.4618425187
12.4367462192, 10.633296614
12.7096364752, 10.7488578804
12.3803174524, 10.6055019385
12.4313600886, 10.5292672839
12.549658933, 10.531690419
12.2129709433, 10.7304670951
12.4522251774, 10.3904208643
12.5573124545, 10.3021674256
12.4280125271, 10.4112237712
12.4243140301, 10.2661587825
12.5079322343, 10.360434603
12.5008155948, 10.5405796002
12.2555203511, 10.30042895
12.8889500035, 11.2663024344
12.6251415735, 10.5389659328
12.4229006491, 10.4000556244
12.7984500306, 10.9547319505
12.4014276479, 10.581429467
11.9386553453, 10.080976933
12.287404816, 10.0266420531
12.6225146243, 10.8992167607
12.7197181394, 10.5477855673
12.2971905079, 10.3743657681
12.4262017999, 10.2895298939
12.1132451223, 10.716065324
12.6612556399, 10.4106664125
12.1425582628, 10.175590084
12.3638296367, 10.4815573431
12.5612890289, 10.2694608246
12.5115908973, 10.6906262203
12.5065159962, 10.3444098617
12.2160592479, 10.4053755429
12.6450714938, 10.6479892751
12.4513909207, 10.2278315346
12.6358221832, 10.7101656341
12.5138003886, 10.1480379805
12.2766166221, 9.88644641285
12.3811016041, 10.3615174927
12.2721926241, 10.2989122828
12.2467582299, 10.3104267701
12.0613516629, 10.5648690703
12.1480582206, 10.5970148555
12.3342108593, 10.6214668444
12.2943472705, 10.2774834108
13.0148394908, 11.3482146516
12.5339718377, 10.4207132983
12.0504585097, 10.5316579686
12.3913777981, 10.7508285563
12.5103553839, 10.6990052258
12.2558099714, 10.4361017622
12.3518641634, 10.7488594011
12.1530144006, 10.3337523122
12.148929844, 10.5978309829
12.3430361549, 10.5789474364
12.4231259785, 10.3216427347
12.2204853773, 10.3579164918
12.7081033104, 10.5619216716
12.4907667045, 10.6424435992
12.4389131038, 10.3264742655
12.3624769825, 10.51501403
12.499195146, 10.6877718427
12.4133382137, 10.6773964294
12.7997961393, 11.1040899097
12.1076141224, 10.2640508275
12.3496070113, 10.468498195
12.4905701784, 10.473828947
12.4143596486, 10.5828383558
12.2887392982, 10.7028962329
12.5953769286, 10.4534913149
12.1968268308, 10.2497175129
12.0556603425, 10.3048837572
12.2416394189, 10.4689059031
12.221116088, 10.2533134322
12.5599004472, 10.7000037295
12.2579751712, 9.96515788165
12.2355222688, 10.4480775952
12.4848816193, 10.3453464986
12.17873121, 10.5666977281
12.9184790025, 11.6056210199
12.5111342334, 10.4101885126
12.2539064394, 10.76341802
12.4447953184, 10.453995586
12.1949969339, 10.4010215701
11.0950905312, 11.4027117037
12.3834183439, 10.2136331314
12.0060980726, 10.2900764515
12.5432557209, 10.4892690035
12.1285134692, 10.2201304641
12.3488951276, 10.1700184467
12.5633814905, 10.1544127502
11.3348333385, 11.7777776215
12.7162585395, 10.4435527612
12.4891275761, 10.225451673
12.3910741195, 10.3823939199
12.5233078915, 10.4802768011
12.6512516254, 10.5799086149
12.1475832995, 9.89247721722
12.4776265882, 10.7515188253
12.371097989, 10.9936481606
12.4324779219, 10.8849626102
12.4122702269, 10.8353370245
12.6765114526, 10.5290699522
12.3711665339, 9.88920282845
12.3194971516, 10.4951195132
12.2183889244, 10.3911304606
12.3374844767, 10.7640225067
11.8167510352, 10.0395925193
12.2945082504, 10.3148035157
12.4012115239, 10.9351442666
12.1559374926, 10.083928666
12.1170972008, 10.5293248058
12.2345022124, 10.2967363772
11.8003513734, 10.4210421801
12.2292532354, 10.6302237397
12.3322561772, 10.0035536135
12.3537769977, 10.7555525096
12.2268920422, 10.4749622818
12.2102617185, 10.4377660572
12.0738036147, 10.4480377898
12.2484336542, 10.4762876131
12.2133844686, 10.3784194295
12.3473907918, 10.0552698763
11.9170784659, 10.5488186953
12.3097401092, 10.7549841605
13.1148388606, 11.6676082936
13.0351043317, 11.0202598752
13.0371799883, 11.6786694265
12.3076685243, 10.5888676624
12.2364897237, 10.5658222574
12.1643410449, 10.470370425
12.2474059479, 10.7261172612
11.9818205176, 10.3985594758
12.5377486841, 10.1847244194
12.5207006481, 10.3817770502
11.2544522111, 11.6850875089
12.4230622197, 10.4961314701
11.54828926, 11.9690385501
11.8980807657, 10.2704532381
12.2267447489, 10.4827979894
12.444196441, 10.5262181808
12.3227928672, 10.78801063
12.0516897559, 10.3367991013
12.3334337456, 10.4378345704
12.1398568178, 10.6690259873
12.4558648607, 10.5058337358
12.5232113324, 10.4716733822
12.5205840503, 10.3655172
12.0232720806, 10.2173712379
12.4341447233, 10.6049824845
12.9082177814, 11.3666085402
12.9339876506, 11.1616383832
12.3973756628, 10.3775270151
12.319313154, 10.6025114063
12.4844969643, 10.7218651716
12.2965569912, 10.6603166987
12.2675791473, 10.6686457831
12.1529501543, 10.4639105328
12.1192271101, 10.3971740365
12.3353575053, 10.1218650537
12.1748624006, 11.0235746595
11.9707369393, 10.6126128839
11.931624308, 10.3640751463
12.074087223, 10.3898388351
12.669126435, 10.9789731903
11.907052887, 10.691392389
12.1845746622, 10.2860822204
12.5213216546, 10.3737155581
12.0452855859, 10.3978461792
12.2010646272, 10.4180979366
11.8568270597, 10.2691708807
12.1203101809, 10.2383291093
12.1667429317, 10.2626275722
12.1909948403, 10.6214539994
12.1727789701, 10.8599569206
12.4138301583, 10.6859210056
12.296233409, 10.4277589568
12.095173334, 10.7242327237
11.6699363682, 10.0139445065
12.2322238792, 10.549703886
12.5510623155, 10.640043925
11.9433301801, 10.5476809587
12.7483535786, 10.7076980065
12.3285997593, 10.3630349938
11.501323655, 11.9784072301
11.9832921275, 10.2476261413
12.660931878, 10.723889555
12.0923392443, 10.3228599435
