11.6754320506, 11.6969767327
12.1460721726, 11.1641232475
12.1045679631, 11.4011376229
12.7005600811, 10.9438050532
12.6711364955, 11.9401364488
12.6959481419, 11.7510705083
13.1747865339, 11.242636107
12.0536822096, 11.5577356955
13.327951542, 11.6740095522
13.3787912815, 11.7094843752
13.8724726541, 11.9353629104
12.787931129, 11.6184444267
12.9526563255, 11.53516721
13.4356847229, 11.5972670265
13.0628466341, 11.2821007718
13.0836042962, 11.4414365731
13.100660019, 11.5038196943
13.3514988487, 11.4241584341
13.2290452111, 11.7720043374
13.4564372914, 11.4616002713
12.3588991618, 11.2740501177
12.4370700955, 11.7159802541
13.2252542166, 11.8225972832
12.9601882886, 11.8201709272
12.3481565544, 12.0556265645
12.5008188099, 11.0714968887
13.331913871, 11.6791994309
12.856904006, 11.4024144948
13.7079234771, 11.9106818018
12.7164301108, 11.5596592954
12.5117798215, 11.4337374537
12.2517628582, 11.5570612156
13.2077962588, 11.5611753112
13.0967000616, 11.3678241876
12.8167145499, 10.9768754626
13.4750265792, 11.6200263669
13.2178546755, 11.6045574544
13.3285032578, 11.6256640074
13.0291832589, 11.2290549683
13.2284397695, 11.4830056849
13.6553007016, 11.691130057
12.5898841231, 11.7779195794
13.1722069251, 11.487883041
12.1464986616, 11.6811317894
13.1903793367, 11.6031215128
12.5518058915, 11.7349584477
11.8805116224, 11.5169209523
13.0145399477, 11.4027469224
12.8150511651, 11.3637907571
12.4001957562, 11.8157719291
13.1714493768, 11.8254167439
12.6936606477, 11.1840624314
12.9674168658, 10.9571734012
12.6061085488, 11.5967097589
13.418804647, 12.4210519783
13.5024613592, 11.5668501606
13.0137973621, 11.4699371214
13.0213620978, 11.164419187
13.8223094794, 11.7280331285
13.6976460433, 11.9846033525
13.2034596144, 11.376917471
13.1489964819, 11.8062903082
13.2562141568, 11.5882318789
13.3928007068, 11.7582696768
13.1922499095, 11.3124596768
12.4639406917, 11.926866131
13.1745407303, 11.3930110943
12.6797730167, 10.9649523801
13.5981924764, 11.9172632416
12.673719342, 11.248550181
12.5441097747, 11.7228175213
13.1005764827, 11.3162555813
13.191623479, 11.5247193607
13.1329876981, 11.3100687316
13.2651835044, 11.2099414663
13.3694687219, 11.6543731041
12.8075163319, 11.6908537711
13.3821916681, 11.7890723256
12.7939861771, 11.764153331
10.7995681212, 11.6702883277
11.5369363876, 12.0058314465
12.3567360838, 12.0533989243
11.718020616, 11.8499913408
12.889109476, 11.3536952757
12.6332157058, 10.8924206379
11.826686812, 12.3206791344
12.1055195711, 12.0922335073
13.1670589155, 11.242075556
12.945724948, 11.5168200581
12.9619473811, 11.1751479331
12.6691409327, 11.0053894921
13.6547931015, 11.8395621563
13.3368688611, 11.7436835404
12.9072992016, 11.3160907943
12.4503879676, 11.5289263177
12.6654107032, 11.7121243487
12.3673483591, 11.2734857781
12.9300344991, 11.5147692111
13.4210128122, 11.6425822583
11.8880480082, 11.8157770138
12.8472313311, 11.4130997249
12.4818869561, 10.9938595922
13.4137003167, 11.1579841356
12.554389128, 10.7889898008
12.2824503657, 10.8473294478
13.5432123012, 12.0015725203
13.0375222545, 11.716827276
12.7706076741, 11.7981812021
13.3519476979, 11.3356714716
12.6679832707, 10.8749765134
12.8466789115, 11.3501267109
13.5543166299, 11.7601130379
12.9916952574, 11.41976904
12.6349155501, 10.973726662
13.3649801543, 11.2245157751
13.2964489876, 11.5762463437
13.3525249106, 11.3433138041
12.8402788317, 11.5912868006
13.4624033902, 11.5681048313
13.3540436538, 11.2614467542
13.0340289793, 11.3363026492
13.3208134631, 11.4960622706
13.5625381715, 11.5395585138
12.8750502692, 11.3977922882
12.8437170227, 12.0442171386
12.6545760134, 11.3948845583
13.0848886044, 11.371829836
12.641276915, 11.858339193
11.9518342861, 11.3411250085
12.8713236898, 11.9768817845
13.1882548739, 10.9709577073
13.0528559068, 11.5419356107
12.8842571931, 11.426533308
13.399940591, 11.5257129999
12.8049412265, 11.9331311193
12.8616962794, 11.902838571
13.0535300097, 11.5526826977
13.1216557067, 11.4925511478
13.0154630209, 11.3096370224
11.6899307226, 11.3780458147
12.5057151015, 11.7057847568
12.4340486236, 11.8354534682
13.195635012, 11.4211046513
12.8558253656, 11.5513359676
11.9923714956, 11.1485724018
12.7308848057, 11.6886072269
13.0321640857, 11.3636401379
13.3718552044, 11.7136718922
12.870248203, 11.2182068735
13.3434206291, 11.3773827013
12.1176048353, 11.2867420599
11.7573566269, 11.3684451824
13.1751341441, 11.35067207
13.3684307641, 11.5736782537
13.7534579326, 11.9121031011
13.218122505, 11.4667154311
13.4615492037, 11.5637169023
12.1226360994, 11.5061307397
13.5312663451, 11.854200136
13.3558594512, 11.5708133877
13.0144632772, 11.5133057128
11.3100053314, 10.9925813713
12.8419624257, 11.3848056107
12.7841572731, 11.9319230594
13.2939290809, 11.2695012819
13.1006154461, 11.280213254
13.2224235372, 12.0530472263
12.643472659, 11.0454135849
13.4388818346, 11.6976706023
13.2550030964, 11.6399516472
13.2025760052, 11.7616599588
12.5308690975, 11.9061493164
13.0749580948, 11.1727844062
12.0729005917, 11.5980642619
13.1213193628, 10.940623978
13.2079901958, 11.4613191557
13.4763345903, 11.6904634562
13.110710038, 11.6185100942
12.9691471507, 11.2499960719
13.2528203784, 11.9187551648
12.5534945816, 11.6233129241
12.760468604, 11.6744556163
13.8230645454, 12.0592006825
13.7669788233, 11.4847535864
12.9209704097, 11.3516841197
13.1807085717, 11.2444441692
13.2751954061, 11.526375047
12.9578274604, 11.5130219418
12.9382551601, 11.886759831
13.368365131, 11.3068069565
11.1470067561, 11.7474721515
13.0082109226, 11.5735775699
13.4871181762, 11.5172882249
13.4523944054, 11.2023826329
13.3142149904, 11.4019434376
13.6555858204, 11.7199914829
13.4123381493, 11.6256429778
13.3339576275, 11.2411836177
12.9768977059, 11.5560455088
13.4629659619, 11.6297432561
12.7466431081, 11.4233255805
12.3284310696, 11.7228149421
13.2600122505, 11.6656337379
12.8686128961, 11.3964136587
13.2196793167, 11.2616837884
13.4422698473, 11.5318028385
12.631311403, 11.4156787337
12.056129434, 11.4879603268
12.7058649564, 10.9963432408
11.8913150669, 11.2995782756
12.4998979344, 11.5324383328
13.3588466867, 11.529839888
12.9775430937, 11.2171560901
13.5249965424, 11.7358858607
13.3677914616, 11.6309636608
12.6681816529, 11.0155914429
13.4387124073, 11.5352857076
13.4729140703, 11.8059475848
13.4369073529, 11.6830706861
13.4671599892, 11.6978268897
13.0513891659, 12.404066445
13.5544865234, 11.9185774335
10.8327284043, 11.5807174329
12.1023819746, 11.6346768647
13.367542511, 11.8906049351
12.8552688265, 11.3986568406
12.9907389595, 11.4513136052
13.380613696, 11.7030348658
12.3854067593, 10.9382886292
12.7000153815, 10.8462828324
11.7125458854, 12.0705365059
13.2507318004, 11.6422689448
11.8157729793, 11.0507086056
11.8251747094, 11.746464477
12.6429223867, 11.7357007526
13.3184482838, 11.5745685151
12.8337108395, 11.1975071452
13.0214948665, 11.4755235048
12.3828373674, 12.3296618309
12.8680414679, 11.5151740213
12.7902244223, 11.9709345465
11.8165190103, 11.7163720401
12.6202225235, 11.9816119812
13.0783174943, 11.2523720622
13.453174987, 11.6924134378
13.1796240394, 12.0063190993
12.3593701096, 11.4659830585
13.5774819359, 11.9176016701
11.8641825827, 11.9921647218
13.4202776409, 11.3084952539
13.627017567, 11.7746439627
13.6726284143, 11.8048147199
13.701041412, 12.0679273245
13.1579271854, 11.1982316528
13.0277238403, 11.396200258
13.0276565927, 12.1936946953
12.874438388, 11.3198343259
13.2216026407, 11.6270019185
13.6723166638, 11.9942364742
13.4289952365, 11.6806360344
13.2951844584, 11.7363785101
13.7723649215, 11.6162353526
12.9096671308, 11.367357612
13.8431212538, 11.9930295422
12.5494701298, 10.9375942988
13.6989478812, 11.3515163609
13.6080211285, 11.9228053361
13.0823341817, 11.4956397005
12.9995379228, 11.2103440389
13.4623350205, 11.3490729081
