12.3728857129, 10.4575392054
12.0792446595, 10.2309400669
11.6113033003, 10.1178689442
13.7520903062, 11.2261458
12.3832763419, 10.504215114
13.6696161397, 11.5958661385
13.7835148749, 10.8673292518
13.679160025, 11.3721969052
12.6938229428, 10.8766617531
13.3649041668, 11.204778882
13.5962921387, 11.2927858346
13.7544961598, 11.7176907545
12.8109194827, 10.9221122502
13.7628556339, 11.5772506621
13.6459743868, 11.5649870221
13.6605982127, 11.7842922012
13.6835904318, 11.5562978239
12.9678705153, 10.8976239158
12.7720689189, 11.0749823007
13.568096689, 11.3776522718
11.6391785535, 10.4389103127
12.3484407565, 10.5493577005
12.3601334348, 10.6316136755
12.7142559163, 10.704560618
12.3309730905, 10.6966108844
13.4475734259, 11.5088919064
12.0096335535, 12.1184647226
13.6943170236, 11.5692654615
12.604455917, 12.6169800818
12.3775945716, 10.9275493426
12.3845736884, 10.6328233352
13.7464286654, 11.1560367947
13.5464641198, 11.4734128151
13.79696391, 11.2391733474
12.515581097, 10.090919014
12.8346791698, 10.8325209051
12.8683742752, 10.6877334012
12.8549542419, 10.7349708312
13.091351091, 10.8590466414
12.7301238049, 10.9338141502
12.9860094703, 10.9979977583
13.0397256958, 10.9398439055
13.4467561302, 11.6004238899
13.0615826174, 11.3561819451
13.6843635643, 11.6975164368
12.1796039521, 10.347569633
13.3950593493, 11.4349361371
12.2089716721, 10.7006624935
11.8589746886, 10.4440988905
12.3321232712, 10.6263366296
12.2350266022, 10.5457755022
12.5866483485, 10.660108168
12.3518317644, 10.4789081276
12.1188281536, 10.6032402548
13.0552935129, 10.8434994825
12.9337393325, 10.6695096807
12.4079443057, 10.4693897094
12.4424671616, 10.5333147091
12.9215898482, 10.8055637648
13.0216026694, 10.8403133124
12.912288357, 10.958310073
12.8803215374, 10.9806969266
13.0505271778, 11.0045546471
12.9943572727, 11.0899293881
12.4928919682, 10.5039623564
13.0031555628, 10.8329362554
13.6078808249, 11.3079308125
13.3653096606, 11.3248259241
13.5700136072, 11.6593264797
13.4889686223, 11.4655642199
12.9876860034, 11.1619869692
13.6573104165, 11.566772016
13.5226019838, 11.4879912596
13.5162967529, 10.9886239388
12.5270937544, 12.2905454734
13.5268250338, 11.6179104291
12.3733250634, 10.6832795825
12.7135957755, 10.6531347554
12.2244784367, 10.7052463685
12.2043059107, 10.526199166
12.214844986, 10.6178631334
12.0392838296, 10.7932616457
12.0850454149, 9.76198215905
12.1670290119, 10.69307557
12.6027143843, 10.9198755369
12.3429701637, 10.5187335828
12.1570815698, 10.4203451772
12.404575489, 10.576901712
12.5511793503, 10.9732279118
13.1305817994, 11.16663773
13.3714141715, 11.1382932878
13.3071451345, 11.2104812439
13.3605956747, 11.3839053151
13.0340330088, 11.1523335363
12.3304943103, 10.2743000145
12.5244661925, 10.6859841882
11.8306763242, 10.4371174401
12.5281545781, 10.7068939489
13.1392238428, 11.0341156511
12.3191344321, 10.7627691401
12.2703154097, 10.534169068
13.4610819087, 11.474628977
13.7993790553, 11.0483443358
12.8891646608, 10.7539771504
13.1178224595, 10.8458485232
13.6172882264, 11.7611426898
12.5715121992, 10.7617840912
12.2435931975, 10.2571161528
13.2912050761, 10.7649777117
13.5561688543, 11.3924770324
12.8931809812, 11.0403469494
13.6119732126, 11.3755564076
13.2477545169, 11.361469543
13.4187048073, 11.2275091734
12.9471973269, 10.5079788035
13.507788588, 11.2909898203
13.2657880575, 10.7627988059
13.0382865653, 11.1218897348
13.3805977817, 11.0449960438
13.6389751403, 10.7994228955
13.6661460869, 11.608422059
13.5080635108, 11.136118058
13.1635015901, 10.8532921612
12.804096199, 10.6501539998
12.3563379745, 10.7213176078
12.2071141221, 10.5256908364
12.3340293343, 10.4789951087
11.9093257129, 10.2940276509
12.5114533373, 10.7011729604
12.5545549748, 10.787854023
12.4605268627, 10.6457856433
13.0206598677, 10.8888041997
12.8671756447, 10.7423089867
13.1356302386, 10.7853096456
12.510127782, 10.6622565572
12.4351090132, 10.5632260317
12.5057230256, 10.600567679
13.6428682725, 11.6129266052
12.4459352024, 10.2937194876
13.1427745545, 10.7026599897
12.3776026323, 10.5217565153
11.7911300055, 9.91037245668
12.5998238563, 10.8386070457
12.3660519985, 10.6805959753
12.3119872175, 10.3691351389
11.9516578959, 10.4595182098
13.7070375142, 11.6042085876
13.3971821358, 11.6788469544
13.2457570139, 11.1039389606
13.5128675603, 10.9665173076
12.3491681679, 10.6839853205
13.268359919, 10.9074198333
13.5808292046, 11.4516696316
13.0971945197, 11.0251929461
12.8640392381, 10.6745075358
13.2989658077, 11.3834143138
13.0044412659, 11.0767875674
13.6200338239, 10.7420025783
13.1629064565, 10.9402044189
13.5633460293, 11.390541853
12.1975269133, 10.5249440914
11.4264295318, 10.1535522459
13.0943909621, 11.0889250859
12.2371210901, 10.468863847
13.0299832217, 10.5056184016
12.7535029343, 10.4572484438
11.0227711192, 13.2906036449
13.5622579426, 11.5552760958
12.5105965792, 12.5172131845
13.3671686264, 11.2536039711
13.5597404385, 11.5419058982
12.5625736413, 10.4435297939
13.4968409412, 10.7436229808
13.4640438481, 11.6800576986
13.6008097381, 10.7892479283
13.3902647182, 10.8929531309
13.6854742265, 11.607178953
13.6700270489, 11.4783385333
13.2203860593, 11.2893481411
13.6623534186, 11.1147313743
12.7218438689, 10.8374264235
12.2145747482, 10.4840831927
12.5608555328, 12.4031945355
13.2240161965, 10.6663314726
12.999418456, 10.9983919843
13.2562526793, 11.1017860861
10.7647852841, 12.6101911236
13.8626416781, 11.8331999078
12.4322708253, 10.601325427
13.8422187091, 10.952097026
12.5097051771, 11.2280888964
12.645661809, 10.8276939098
12.2211951607, 12.0859969783
13.2133058331, 10.9531975986
12.4087864764, 12.4346107895
13.1939146079, 10.771108965
12.67915413, 10.6553976386
13.5725913761, 10.7189335908
12.3605670172, 10.6324649975
13.2786799953, 11.3625088661
12.4565670162, 10.4290877935
12.2779495424, 10.5468961792
12.7173626768, 10.8811425168
12.0483894822, 10.2494231671
13.7219167595, 10.9878487213
12.9158199651, 10.8631590576
12.3441679844, 10.5210968824
11.4497671426, 9.75979571743
11.6581779057, 11.9216971746
11.7116727108, 10.2819483409
12.2680963887, 10.4852076998
13.0446592757, 10.79502861
12.7602979412, 10.1099330156
12.7564355347, 10.4257232183
12.8353776005, 10.8901101638
13.7587193473, 11.5449779302
13.4581960916, 11.4181994332
12.9226689351, 10.8766617531
13.1393739747, 11.1743107145
12.7857202329, 10.8825811165
10.6685291521, 12.828452535
13.0922511463, 11.0959132064
12.1250752304, 10.3674878283
12.4697770327, 10.7159730135
12.0464139452, 11.7994982993
12.1848857098, 10.4867969892
12.8104170917, 10.7790535267
13.2362805036, 11.1120256877
13.1255356548, 10.9159919885
13.5161048132, 10.9407638701
12.295428629, 10.3407099123
13.2640743914, 11.3197216323
11.5962002865, 10.2134938972
12.1191321252, 10.656458092
13.5380295517, 11.3027514485
12.5169298493, 10.4853990288
12.098266056, 10.2935681015
12.2605141966, 10.577604314
12.1427429047, 10.4781901004
12.29037542, 10.5670940404
12.2648818344, 10.8149460658
12.355174823, 10.2675317263
12.648080505, 12.3209845427
12.7445087598, 10.7823923158
12.0844185879, 12.1223701014
13.0880933866, 10.9621890232
12.4724351587, 10.656903611
12.6948035359, 12.8045999235
12.4580118661, 10.6199403347
13.0370675621, 10.8160415384
12.9006310307, 10.4812855251
12.0445548298, 12.3291523792
12.3847552444, 12.5788757411
12.8438031865, 10.7214473037
12.9800026316, 10.8787998435
12.1326776372, 12.1330299777
12.6795932677, 10.5961328566
12.7443004222, 10.8994856842
13.2721918195, 11.3619335853
12.0781361431, 12.1254595297
12.6680696976, 10.6936810047
13.1280438537, 10.5372914912
12.9343609529, 10.7056822574
13.1865300058, 11.2532461558
13.2212593864, 11.2715141003
13.1670759111, 10.7171518732
12.9385001625, 10.8440990348
12.9930607607, 10.8483262482
11.658705899, 12.1586243075
12.0207256946, 11.887996713
