9.42595546537, 11.3786609443
10.6487193313, 10.9992777003
11.8671865582, 10.7313890311
8.88489291409, 11.8197215355
10.2864432691, 10.3459403044
9.10268520363, 11.8594256212
9.29314463765, 11.6901630692
9.08431085498, 11.7532749517
10.7304528716, 10.8569670844
8.77017539428, 11.4938435567
9.36607953071, 11.9466155359
9.13890633246, 11.6301279476
9.33357975361, 11.9415240021
9.29269780187, 11.6937149773
10.8374812451, 11.2533413816
9.07316300749, 11.7065995957
9.43516022043, 11.6643365801
9.37187320795, 11.2941228149
9.49712746995, 11.3399406354
10.4936806332, 10.6470972695
11.0141133621, 10.955968973
10.4385368086, 10.6462464984
11.2164573895, 9.9791663873
11.4637619651, 10.0775005019
10.687185662, 10.9694853732
9.2193434662, 11.8075006732
9.73708253136, 11.2906285556
9.08570702321, 11.5076846255
9.44723990302, 11.2756377445
10.3097794703, 10.4054985608
9.47140325294, 11.1258839323
9.11885977892, 11.1593008271
9.37829888534, 11.3197329695
9.28075680813, 11.6686386641
9.46749191894, 10.8888914842
9.37517273894, 11.5658324817
9.29826294678, 11.1996743464
9.38539574469, 11.4613808329
9.33912300583, 11.9854144139
9.50200567969, 11.6156177493
9.29084108086, 11.0758144655
9.38671993364, 11.6049236626
9.17666905359, 11.4454695966
9.32409164794, 11.3975155974
10.8289883694, 11.2077432163
9.55419067529, 11.2955190337
9.32409164794, 11.7311534954
10.9749289581, 10.90501896
10.8931030867, 10.7047070775
10.6951058352, 10.7477063397
10.5967125676, 10.8944881204
9.39598730252, 11.4521857318
9.08109899392, 11.4010443534
9.54321784578, 11.2090199899
9.16241004828, 11.4188421573
9.41719372853, 11.3092683841
9.91864572033, 11.2293616102
9.76608828918, 11.3201462521
9.23323171087, 11.530943582
9.52507788391, 11.2264955285
9.37968434181, 11.0619449445
9.30160823573, 11.1489917314
9.46575651123, 11.3933306438
9.16213314826, 11.2347518455
9.43003926832, 11.5131506602
9.41569883818, 11.1507720838
9.25210768802, 11.8423198316
9.27167641643, 11.7216649524
10.6586262729, 11.0858470162
9.11819968411, 11.5757961156
8.97628631961, 11.7662370683
8.99781956181, 11.4933941868
9.52957458247, 12.022817666
9.28950795685, 11.8883324246
9.83578442531, 11.5521597064
9.03195258164, 11.4208302478
10.6294488895, 10.8435317015
9.63719047313, 10.7404229646
10.7524335001, 10.4728346567
10.9146296501, 10.0836720923
10.2145628811, 10.6664022143
10.7026432449, 10.968055512
10.4552073721, 10.7965117662
11.0766868697, 10.1281045519
10.5631115733, 9.41123340277
10.3122668371, 10.7132247791
9.17822517921, 11.040949362
9.58838966364, 11.2538130319
10.7840923081, 10.9366328356
9.15842937622, 11.5126666332
9.21304822109, 11.6657800283
9.17822517921, 11.6207573304
9.3254935512, 11.6347927528
9.15506398733, 11.2091406533
9.58047741485, 11.2351996861
9.17563913575, 11.394622067
9.38553622179, 11.1098202489
9.14399479967, 11.1738860762
9.22931904212, 11.799198854
10.9827444728, 10.9220882828
10.4842838559, 10.862735974
8.97966159146, 11.6083717148
9.31417026349, 11.8475093732
9.15719664582, 11.1401027796
8.9544017401, 11.8416607213
9.4254424546, 11.8158870629
8.97959266841, 11.0774514386
10.7038694245, 10.4462740319
8.99092401146, 11.4801332592
9.09359992755, 11.4740429946
9.16694303084, 11.7232556465
8.99785073263, 11.4622947815
9.30192176053, 11.4802681501
9.11436160603, 11.9355484741
9.28136660478, 12.0168069935
9.48336207262, 11.8936270631
9.14822698204, 11.6171868846
9.83235983442, 11.8322391024
9.18858117837, 11.438408902
9.00849636316, 11.6279033608
9.10989748823, 11.2137343183
9.16959867833, 11.7549323589
9.53280961865, 11.4008271532
9.49320011738, 11.2080260071
10.3078863881, 10.7303619624
10.4863173137, 10.5543785368
10.4828648229, 10.4213570596
9.85986027471, 11.7499722024
9.48019230648, 11.1848290178
11.4799645228, 10.0183698317
9.36476047452, 10.8737013849
9.4084378627, 11.4710386686
9.44568854146, 11.6647630276
9.33006790245, 11.7089300215
8.73684233623, 10.9308145294
10.6387622437, 10.5450156715
10.8223819706, 9.50864903144
9.19580819458, 11.4517912143
10.442466726, 10.5580934796
8.86491859651, 11.5894633583
10.6950329953, 10.9242282735
10.3883574303, 10.8095120375
8.6762654255, 11.2888623372
10.5400434131, 10.6757245636
10.5617954234, 11.1888535261
9.60038964396, 11.3470782324
9.1968530456, 11.6437731436
9.37349478441, 11.9920855122
9.06391136952, 11.655153749
9.04613008695, 11.4973937057
10.5618195313, 10.6206123457
9.19766431659, 11.6163558248
9.00620527091, 11.6945851083
9.46328126254, 11.6148210922
9.43123281401, 11.786724523
9.35712681196, 11.9429980876
9.46328126254, 11.2954766393
9.14645685829, 11.7177192095
9.67460725858, 11.7488630912
9.03984377837, 11.5927019144
9.47366629918, 11.2449553387
10.9884048875, 10.0155189513
9.07673693448, 11.5096787993
9.56785454979, 11.1722083358
9.74376797828, 11.6171854716
9.80267986147, 11.3706772799
9.54810793469, 11.3755452295
9.34182273053, 11.9104421197
9.28480905315, 11.0984570189
9.47894164706, 11.9876624717
10.405827012, 10.7445650284
10.762743165, 10.8210221844
9.00621276356, 11.4157280266
9.64036902688, 11.8604887119
9.40780395114, 11.4946976167
9.10577223262, 11.7175400788
9.03580632131, 11.4363350204
9.01628134122, 11.4762813202
9.08729034842, 11.3401662536
9.17563913575, 11.9579138437
10.8937085081, 11.0565240142
8.93706458423, 10.841563267
9.50608911156, 11.3908482329
9.38102632366, 11.4472769738
10.6726328634, 10.7146074214
9.18858117837, 11.8388644007
9.34350569375, 11.007505184
9.50327798223, 12.011982962
9.4572984293, 10.6950791003
8.77818840495, 11.1753965076
11.2646017427, 10.2526357692
10.1830265346, 10.4330282235
10.3262435702, 10.4966310677
9.38394663456, 11.1519760043
9.5152583536, 11.4781838215
9.41749491419, 11.5381062847
10.8344911721, 10.747462098
9.09901043338, 11.4811959185
10.2817054644, 10.4950637039
9.36255813203, 11.6020589356
10.6158958415, 10.5993674719
9.19931657995, 10.9704427209
10.5592319886, 10.6931959658
9.11182207334, 10.9861804017
8.87028262492, 11.228020697
9.47815687682, 11.5474104202
10.7516796346, 10.6807952566
9.76106952011, 11.2522367541
9.29394592372, 10.870918667
9.65176925799, 11.0233564619
10.7110917749, 10.6656953574
9.50525816252, 11.6785536974
9.5357912862, 11.5977682108
9.27523545218, 11.5862000333
9.64847714152, 11.7259160477
11.0122762911, 10.9801980036
10.8380586816, 10.8662463774
9.17995532357, 11.0754940609
9.68908217454, 11.4822887856
9.46328126254, 11.4302329662
9.11577004221, 11.1401027796
9.71129923774, 11.8070520903
10.3843749158, 10.4691020933
9.40250666199, 10.4409810569
9.42400724061, 11.1646521261
10.6638370342, 10.8818824758
9.77129473859, 11.3588618261
9.36916989946, 11.8601768971
9.14569894328, 11.5216045861
9.22331990515, 11.4936193527
10.4849800759, 10.6928722285
9.23477168431, 11.1198426924
9.52095161112, 11.5260136456
10.9223753812, 10.9412098819
11.0084738166, 11.3526945447
9.46827610955, 11.5827123653
10.6586262729, 11.0619632544
10.6588679321, 10.8203876844
9.23243144247, 11.1103924415
10.533434676, 10.8869172433
10.7599050317, 10.8500967706
10.5962278661, 10.8009758682
9.3358551993, 11.2948532496
9.18962609739, 11.2939171708
9.49839379295, 11.3390200441
9.40250666199, 11.1224119476
10.7978244604, 10.5765950495
9.32841633722, 11.2123808045
11.1353159327, 10.2577126639
9.40507030254, 11.248683981
9.41311508125, 11.2365366747
10.7844842474, 10.8963211485
10.7445650284, 10.8279175034
9.29639483328, 11.5132824447
9.48535449945, 11.7529526055
9.2137793675, 11.5215092111
9.5436138238, 10.9418875749
9.3254935512, 11.5049281683
10.7665050329, 11.2837034307
9.47348419219, 11.3533755891
9.58647065793, 11.4366528792
9.40176463594, 11.5751477406
9.61061317341, 11.8345914656
9.397769743, 11.5154158989
9.00223413075, 11.4519691887
9.0256410126, 11.156651715
9.4572984293, 11.6289084237
9.51468986418, 11.7009333548
9.11117559404, 11.3679604863
9.714026623, 11.3991554281
