13.2512344981, 10.2267365021
13.056318809, 11.3152028439
12.9215721129, 12.3241768221
12.7428911424, 10.2770686525
13.2002209877, 11.5059865928
13.1124492534, 11.7562925934
12.5457173556, 11.7464219146
12.622640991, 11.7692047962
13.5874199336, 12.2675907968
12.9439832165, 10.4334745195
12.6788412565, 12.3790290316
12.8221683414, 11.8272458595
13.1007871775, 12.1671648285
13.0366159755, 11.8303580228
12.9215422909, 11.3626036926
13.1668658596, 12.4348213847
12.9542650269, 12.219799513
13.4028299786, 11.8721583484
13.2802979905, 10.8611672791
12.3812390788, 12.5675262623
13.3787129544, 11.429802969
13.4909635944, 11.2335719911
13.4886348868, 12.1402178467
13.1769501608, 11.9390187186
13.5369686238, 10.3754194712
12.8431933341, 11.5828350111
13.3358018913, 10.7492399023
12.7340389518, 12.2943309741
13.6827584689, 10.5074002547
13.4392423641, 12.1092661763
13.042544595, 11.3562519978
12.4892607393, 11.8827803956
12.880984746, 12.6181154444
12.6019352339, 11.6912748045
12.9873277871, 10.2008759322
13.2823500223, 11.2853228945
13.4464294886, 10.3512397651
13.347983312, 10.6104563896
12.9342756888, 12.1069295354
13.4453269745, 10.2243878983
13.5049621876, 10.2256178797
13.4195612115, 9.94454698956
12.8893092199, 12.352740111
13.3758946434, 12.0728165191
13.1120315172, 10.2797926902
13.4132630333, 12.1442092286
12.8690684896, 11.8759725512
13.4020441409, 12.4386838352
13.3052850005, 11.4534786369
13.5325935962, 11.4365515534
13.6379831227, 10.1550764623
13.3342185434, 11.3126442882
12.7362315002, 11.4561622896
13.4954667927, 11.638829694
13.4302165603, 11.584186188
13.1814924866, 10.2688907192
13.1813164312, 10.6083044316
13.0580153089, 10.8061626501
13.6022965789, 9.9501373766
13.3243324104, 9.7670940994
12.8924235488, 10.5182618121
13.4142291616, 10.6687655549
13.5458562587, 10.4517886066
13.4263513258, 10.4281606473
13.4014673007, 10.4772615432
13.107463765, 11.9457958717
12.4130900034, 12.2456853417
12.9786651836, 10.1551543403
12.9607206023, 12.5491189998
12.7745581716, 12.3626549608
12.813646125, 12.1755465642
12.9377735564, 11.6522420352
12.9177164272, 11.5116634691
12.8444888934, 9.86757933122
13.1940631341, 10.8601171115
12.7575552402, 11.4367485656
13.3990759264, 11.6017282432
13.3983388205, 10.2258374965
13.1237339445, 12.1468379429
13.4234596481, 11.375943751
13.3357329857, 12.2361128469
13.5761589758, 11.6441172429
13.1399194142, 12.1747153753
13.3884172958, 11.5326533895
12.7295106186, 12.4046530349
13.4986927407, 12.0357279108
13.559381107, 11.4318020757
13.1743068634, 12.1839868963
13.3767352052, 11.1483740625
12.9379188486, 11.7978773688
12.9283678707, 10.2090681522
12.8622947298, 12.5860341149
13.0523815921, 12.4849146285
13.0856838585, 10.2552988827
13.3157958601, 10.6999959329
13.1522899279, 12.3353887006
13.2044836683, 13.2291065486
13.2770248761, 11.7860346316
12.7318516209, 12.2403234286
13.0339393465, 13.1488673183
13.2463347168, 12.1455971259
12.8735401665, 11.2327666127
12.4426589565, 11.7874415825
12.3535553364, 11.8353985454
12.8160456158, 11.7509145702
13.0810520463, 10.191261903
12.7528001914, 11.9548180496
13.2233474978, 11.5161301369
12.5670389491, 11.8802962597
12.6690131345, 11.2335992065
12.959417662, 11.7853267582
12.639659799, 12.5969279767
13.0358303259, 10.3336581488
12.6824798623, 12.3006557333
13.1404178151, 11.140904377
12.8761964187, 11.7754054595
12.8008653271, 10.1796891098
13.4244337179, 11.1051982289
12.8315085046, 11.8789579975
12.3790227975, 11.6768325133
12.9534430304, 12.1705353458
12.7699508899, 11.5932866004
13.2342102134, 11.3812240383
13.0742063153, 10.4055159258
13.6067514167, 10.2511692082
13.4707305599, 10.3224362123
13.073097534, 10.1942405832
13.1922320526, 13.2492289942
13.2648557101, 10.0906333964
13.5305697462, 11.3922116021
13.2209641858, 10.4872107908
13.3030647799, 10.4626326603
13.3292287415, 10.277292614
13.143137162, 10.4157226514
13.3472097397, 11.3151301879
13.2939729868, 10.1863863574
13.2751863808, 11.7591240084
12.8281106528, 12.2042447061
13.5839082476, 11.4674457274
12.6981874589, 11.9692510677
13.2634829247, 12.6643346546
12.6962793755, 12.0260546141
13.2703877031, 10.4688336349
13.3767508827, 10.7448523212
13.0962170574, 10.4633668878
13.2610904152, 12.5959998094
12.947827231, 11.6816093335
13.1079758921, 12.6144389741
12.9101481458, 11.7956833391
12.2517380609, 12.4186016122
13.3048687431, 10.5108928621
12.093275694, 12.9071131281
13.025295756, 10.107871358
13.439169065, 10.2115868698
13.2942326713, 10.3199180437
12.8328818288, 11.797371404
13.6164111199, 12.0781833157
12.1210664058, 12.6171404082
13.325475419, 10.293425013
12.9496508402, 11.5782741915
13.4754895343, 11.1795837295
13.2652825817, 11.4851245318
12.8506669262, 11.5513614183
13.3786635287, 12.162167129
13.0194568622, 10.4602744184
13.0223018025, 10.3033735581
13.4361096449, 11.2952893406
12.8621389811, 12.5029019198
13.7720149957, 10.1299877076
13.1410700477, 10.6851913296
13.1012614891, 11.7368217987
13.0581662826, 10.2588605281
12.5963433186, 11.8385848207
13.1629302702, 10.5081867263
12.7095860947, 9.99221725686
12.4706128512, 11.7412722589
12.9391594251, 12.4418876618
12.9110617139, 11.6995359888
13.0811304887, 10.3734535185
12.6647585113, 11.6647902404
13.1351515396, 12.8291497369
13.2830876975, 11.1965972816
13.3325246044, 10.72441514
12.9334605518, 11.6467693445
13.0240364895, 12.2549239532
12.8193747649, 11.8322557009
13.1699438451, 11.360837039
13.2527559143, 10.5986365895
13.3728298148, 11.7810742057
12.431158504, 11.3441489394
13.6337842266, 11.2562132353
13.1686640835, 10.7545729449
13.3884324409, 9.89292631362
13.5458342443, 10.3702964359
13.3075487917, 10.4510533413
13.3180636411, 10.2902321591
13.4250595815, 11.5551024736
12.5634930422, 10.208811807
13.4501086598, 11.5694497539
13.5673407334, 10.3964032717
13.4277680299, 11.5734726464
13.3516631418, 10.2581487159
13.5675265371, 10.3663634523
13.4432972606, 10.3636702227
12.6602771164, 9.92667551791
13.2889728872, 10.3980651863
13.3091809181, 11.620460774
13.0404202655, 13.0587818371
13.0195694671, 10.6923145933
13.2815982153, 12.7311069058
13.2855789687, 9.94909601437
13.4456875534, 10.0329781528
13.1822587312, 10.2804120188
12.9843392692, 10.2328922723
13.3407380418, 10.0832139757
12.5282113626, 12.3600513003
12.8992141739, 9.99761184332
13.1248010108, 10.4489468308
13.1606300181, 10.5921420026
13.1722242783, 10.1145595729
13.4509380744, 10.5860107262
13.6828289036, 10.6619923479
13.233877, 11.4983786324
13.1840699929, 11.6821267229
13.2989401624, 10.4891950661
13.6258358788, 12.0379321985
13.3855156112, 10.3213155632
13.5980873319, 10.1356711695
12.6802980031, 12.4145783618
12.6901089628, 10.0604449503
13.4806423007, 11.217890595
13.1191523012, 11.92833822
13.2684200264, 12.382823981
13.1559292226, 12.5529360756
12.6504695772, 12.5768715824
13.3682198796, 10.2733844427
13.2750150511, 10.2501369455
13.4168246664, 12.1338134756
13.5694442202, 11.28602125
13.5262343793, 10.2159594249
13.6536107492, 10.2823305261
12.8779768301, 11.1995074721
13.443253426, 11.208515168
13.3710533448, 11.2961568394
13.468956359, 10.0599325468
13.2916834015, 11.457766152
13.2470210731, 10.9409743217
13.6984643388, 10.3584757506
13.2493039866, 9.94374263933
12.7309365424, 11.7547935274
13.2399302476, 11.6602056838
13.567227414, 10.0822164445
13.7152133757, 9.92104320218
13.1533243926, 10.2666075473
13.6135860257, 10.2007004197
13.1627036741, 10.3517149191
13.0132852056, 10.194577682
13.239035604, 10.4073900104
13.6484107314, 10.3587415952
13.510509124, 10.3309225212
13.2383275506, 11.1166329209
13.1937085988, 11.5437712143
12.9777986373, 12.0339689279
13.6007938789, 10.300186932
12.9029866428, 12.6102747174
12.9898708571, 11.5668578839
13.4930303976, 10.3492874794
13.1619150555, 11.4297216186
13.3505545098, 10.5997947485
13.1931269194, 10.396687881
