12.1955402972, 9.28171110517
12.3104489072, 9.88631672672
12.488209732, 10.1054475674
12.6865635049, 9.60671135269
12.1060167313, 9.42279947525
12.2856206694, 9.53397752223
12.3668460364, 8.82173249822
12.035529832, 11.8143129418
12.4330477636, 9.56254094149
12.4149296503, 9.78334516059
12.0143142389, 11.9718760434
12.6445514409, 9.67695982167
11.9213861199, 11.9436450171
12.5772120734, 9.56067392709
12.6533437227, 9.77818137969
12.5926701099, 9.75345909726
12.4500642767, 9.71079483933
12.4988585527, 9.96126531727
12.6429479764, 9.50578079481
12.7159714461, 9.52134398331
12.0693468649, 11.7732952117
12.1797736509, 9.82808928273
11.9195420829, 10.9474273835
12.0945742624, 9.93338087684
12.0382305997, 11.1028660059
12.4316419988, 9.93845370943
13.0411721727, 10.0124558261
12.1662460091, 11.8170876723
12.7773255265, 9.83345046053
12.4803095215, 9.5873685905
12.2660613126, 9.88056218144
12.2264025903, 12.1668957243
12.8253315584, 9.89975559629
12.6812122816, 9.6549469932
12.5970772832, 9.73830576615
12.6433241524, 9.8270681731
12.425986985, 9.17347745436
12.6187869882, 9.70763904803
12.2530053135, 9.32852947445
12.5111014333, 9.92878980786
12.865535659, 9.75603292171
12.739710824, 9.48082682067
12.5100068501, 9.6626452154
12.7515705014, 9.93441433801
12.6440441887, 9.99739062709
12.4083958417, 10.1616610778
12.485991006, 9.53785202712
12.3649359, 10.2153115494
12.1836626186, 9.49107075403
12.4669590702, 10.0537038702
12.2113097388, 9.96442676199
12.1162002112, 11.3837303855
12.356838392, 9.43830590409
12.2023810332, 9.96680387837
12.4234144672, 9.37174416427
12.6035022558, 9.55365687043
12.4067374704, 9.92053956874
12.4214553009, 10.3041534766
12.5615017821, 9.72755777669
12.904715061, 9.90251122413
12.4873018752, 11.2024834489
12.8797496879, 9.87717936832
12.8209737279, 9.64403368313
12.664379565, 9.80457261445
12.5964443807, 9.6064804074
12.9453073208, 9.96008808498
12.7042781113, 9.59413726211
12.4579489391, 10.0203255709
12.4567418098, 9.62818369197
12.1947234893, 9.3474636311
12.2572687404, 9.40745731922
12.5119654331, 9.6387427621
12.2945410225, 9.68302720605
12.2861261523, 9.60916500394
12.8553923196, 9.86982525159
12.2632506539, 9.4727172586
12.3083999438, 9.73467249926
12.6043112623, 9.90594546899
12.3493352455, 10.0272996862
11.9338168347, 9.65159351713
11.7516342721, 10.2461991013
12.365699408, 9.68525435859
11.9445410175, 9.3224978201
12.2807209356, 9.58609904465
12.0106437294, 11.347300283
12.3563027861, 9.87927623112
12.3309306624, 9.62621926886
12.4112954289, 11.3149579793
11.4771093489, 11.8200556675
12.0028703762, 9.51334603348
12.4383638554, 9.88799195589
12.4168187634, 9.55427501454
12.7879882524, 9.99158520289
12.1337509934, 9.41811802964
11.8535140169, 10.9785024318
11.8767693529, 10.7212216095
12.4453130631, 10.1371270129
12.2338215767, 9.74759404494
12.0988955116, 9.49704675705
12.3842499122, 9.75400983897
12.1102419973, 10.8778058157
12.1582608777, 12.0755114574
12.5056102626, 9.27391689379
12.0951174143, 9.51310965184
12.3978848294, 9.62146329498
12.5051526524, 9.66221037751
12.2162714484, 9.74627080354
12.2972284996, 9.96272649094
12.6682068695, 9.79312885435
11.9280906532, 11.6650948182
12.7379684665, 10.0655787977
12.685885222, 9.18555344649
12.4197445977, 9.63300890869
12.4001132402, 9.48131937783
12.7095517113, 9.58179504432
12.7809714558, 10.0497175972
11.7177780999, 11.3223323716
12.9544615459, 10.3950210611
12.485759863, 9.38108455576
12.485086529, 9.13714706245
12.346561103, 9.72059074096
12.5821576804, 9.31444054519
12.6809327338, 9.79936308432
12.6102472787, 9.56067392709
12.214319528, 9.51073108419
12.1129868285, 9.81957369806
12.3000799868, 9.63732492532
12.4242332241, 10.071412518
12.1346309806, 11.484091226
11.9086228613, 10.8275568644
12.2201653312, 9.82278700031
12.7832596081, 9.5011622178
12.4415796372, 9.64313197892
12.9361330004, 9.91352899268
12.128495085, 9.60868573073
12.214319528, 9.58609904465
11.7363201924, 11.1391352657
12.8712826426, 9.91198060975
11.8481735442, 10.5029557247
12.2150762228, 9.5691901412
12.2901350973, 9.5984514992
11.9680148944, 9.77917840903
12.3780121364, 9.02447955611
12.3811429252, 9.90020581777
12.0386130721, 9.47215937855
12.412003816, 9.9455739459
12.5617923122, 9.78997596364
12.271650066, 9.3474636311
12.4276536471, 9.66121034025
12.5576026067, 9.11936543451
12.090541422, 11.0799017501
12.6025561031, 9.34725140098
12.5974123972, 9.42481418652
12.6456823102, 9.55164312471
12.1758107816, 11.4645842024
12.4071021748, 9.86381513689
12.3651960951, 11.685797415
12.5488798774, 9.6303447172
12.7563867201, 9.64182525267
12.4163050669, 9.50711455235
11.9117003236, 10.8428511468
12.2915593664, 10.1065283589
12.1222628063, 9.30487832248
11.9339372602, 10.8289298277
12.7218647001, 9.82043142199
12.7745276017, 10.0134969184
12.6218497595, 9.66329116902
11.9370100299, 11.5841242606
12.5430749551, 9.71941426878
12.5522729936, 9.35423709042
12.4689872955, 9.44224981463
12.0662156671, 9.84123989009
11.7474819724, 11.3928919346
12.3974527535, 9.56234173892
12.6035158022, 9.26023312831
12.2689090991, 9.35271212933
12.612858526, 10.0253865973
12.6937131905, 9.76403666537
12.4109023428, 9.86123107026
12.5021718824, 9.41323856037
12.0293939614, 11.8158774765
12.0455625198, 10.5390638573
12.6406098239, 9.8666349114
12.7526973564, 9.63346933828
12.1137322357, 11.9759890974
12.4567418098, 9.59587520782
12.7089070888, 9.71216898463
12.741696124, 10.007110657
12.3076793791, 9.67190034877
12.6316665992, 12.4078235242
12.4268250543, 11.1229384439
12.2919083746, 10.9836033481
12.1979317108, 11.2791425377
12.7338643235, 9.83647839088
12.8985804536, 9.43236411486
12.5148834121, 9.35900998422
12.4671765456, 10.017862111
12.4268099429, 9.25833538541
12.3554699759, 9.87105181285
12.9902839118, 10.0829468628
11.9183686652, 10.7083031467
11.3197329695, 11.4497105572
12.5831430139, 9.87994247273
12.1608806386, 9.64294401081
12.6220500497, 9.39021327068
12.5959452833, 9.20952392716
12.0017064086, 10.9895387933
12.2408302508, 10.4955637643
12.1764431369, 9.79210688648
12.3659137743, 10.3495628247
12.3374822452, 9.69532771531
12.5631284756, 9.73389507905
12.5473120723, 9.78326882582
12.4888294176, 9.6705293932
12.6255005871, 9.81548573552
12.5615017821, 9.8568478099
11.8847690339, 11.7089300215
12.6288041901, 9.53881996837
12.5715649905, 9.59761359106
12.3788286573, 9.65978406246
12.7469052682, 9.8031272102
12.8570531212, 10.078772728
11.8849087728, 10.8307566918
12.1287298331, 11.2178271024
12.6841057755, 9.81334212021
12.4971475601, 9.98591188172
12.6623124639, 9.6732319875
12.8866632376, 9.93397840094
11.7159986584, 11.6453001731
12.3969460795, 9.44506870749
11.982178889, 10.8090068202
12.2864531108, 9.58207919977
11.8865086508, 12.028129445
12.4880685569, 10.3260535144
12.6216694648, 9.85240745139
11.7988877511, 11.2231403499
12.2965936701, 10.044647033
12.1396542621, 10.0996313417
12.3347056238, 9.84577567022
12.244598568, 9.54923715491
12.2401368871, 9.52745520436
12.0451684236, 10.5440052989
12.7649917949, 9.4904642633
12.44149736, 9.67894395256
12.7452275836, 9.81289416101
12.4316082811, 9.56642191381
12.4758539514, 10.1299484722
12.8708688071, 9.68502749641
12.1038867419, 9.48555261801
12.940241641, 9.87812498398
12.4324343987, 8.89152561141
12.354993571, 11.704631663
12.7553854106, 9.49636005779
12.7798177962, 9.5773897672
12.5117868037, 9.73058558684
12.6189086095, 9.568987359
12.5105550325, 9.69143516848
12.2110845519, 11.0916639547
12.5970137486, 11.756869399
12.4081985165, 11.3144188479
12.3000843548, 9.6316241231
12.8659472231, 9.96272649094
12.8255941949, 10.0745786506
12.3136590051, 11.3797477075
12.4898097314, 9.59169265133
12.7791596512, 9.68646798326
12.3175355734, 11.8445366059
12.6968937038, 9.54539514589
13.0182554769, 10.1881239694
12.731582339, 9.21094091056
