9.00872930156, 10.1651124694
8.69862076382, 9.84790728468
9.68420112043, 10.9435473002
9.34573902781, 10.5522793165
9.56569348449, 10.5426788325
10.165440616, 9.96053659539
9.08528401414, 10.4573627895
9.44677405663, 10.7214498402
9.32421580561, 10.4590316102
10.4812855251, 10.1357050895
9.33622914515, 10.6057761126
9.23875865578, 10.4903226929
9.65357176137, 10.5572266825
9.36559881641, 10.3103004203
9.42725991391, 10.4500614013
9.61180366982, 10.4332615163
9.40565051782, 10.5081172597
9.35324234752, 10.5053108255
9.44823366648, 10.5971184006
8.97604859611, 10.5186517609
9.5860688637, 10.8022343138
9.27544952498, 10.2259653858
9.08806276579, 10.0036808846
9.29004967841, 10.40843629
9.08021840866, 10.3429132411
9.26237032509, 10.3495357592
9.6907270139, 10.9468587776
9.43565413661, 10.6374026106
9.6182983288, 10.7256808895
9.12141142041, 10.2829167148
8.88588106265, 9.87690716009
9.45779414885, 10.4513033755
9.51622194785, 10.4277759654
9.29868450023, 10.7277491442
9.19105782694, 10.4956446038
9.37381521143, 11.0408746032
9.66140063953, 10.445524514
9.65705089794, 10.8790764484
9.26795704097, 10.4067005375
9.32401979423, 10.7748419746
9.42305551883, 10.7114684281
9.35860110733, 10.3184295381
10.5421940297, 8.87083162009
9.76552014603, 11.0344956468
10.4231910055, 10.067302122
9.09981910943, 9.82561814857
9.22183212471, 10.1665276937
9.06828167561, 10.190115704
9.10516512267, 10.1544126616
9.10704183854, 9.76702475862
9.38450239527, 10.2117752383
9.32099761861, 10.3221875459
9.21379546078, 10.1410266539
9.21750528178, 9.98161335593
9.72108693802, 10.6725319419
9.45336244014, 11.2415003386
9.08528401414, 10.1857299033
9.70820740801, 10.5999200061
9.37240309082, 10.8421401054
9.60510745307, 11.0254457765
9.24866386155, 10.2749435252
9.44926102724, 10.4098415453
9.40652046316, 10.3676290537
9.69658623786, 11.0381293572
9.62599163238, 10.97950299
9.38172321071, 10.8000544256
9.26157115354, 10.5608356256
9.53867037148, 10.418490456
10.012932727, 9.87444571765
9.16675283922, 10.3894690172
10.3063243172, 10.0625226745
9.65238083772, 10.737721789
9.4052280993, 10.7004397181
9.14058527113, 10.4548054349
9.68724253847, 10.9365582186
9.88209719125, 9.71654591091
9.15145049658, 10.2682776468
9.41417108703, 10.3638129546
9.28246517164, 10.3394780801
9.16543006875, 10.2418880832
9.06828167561, 10.2349205821
9.4682819436, 10.2242006359
9.3224978201, 10.2285858714
8.89390782965, 10.1642925503
9.39217174319, 10.2767557381
9.3951952778, 10.5347854077
9.01656601487, 10.1075000433
9.17187171759, 9.9457375705
8.95912298134, 10.1018790743
9.19914403644, 10.0633264394
9.26157115354, 10.5458580404
9.50758310213, 10.492107669
10.6287475438, 10.1794562282
9.31100256737, 10.3601219752
9.37544185956, 10.309561306
9.27401771107, 10.395710474
10.0182156942, 10.7311752931
9.26545968641, 10.4419774858
10.0000837972, 9.5677800736
9.41857505741, 10.6254812654
9.2483085268, 10.0494346729
9.3078421319, 10.3857920877
9.38638732761, 10.7609036497
9.26420897273, 9.95870710233
9.05736273228, 10.138975833
10.474572951, 10.1568921112
9.81901156266, 10.7035772272
9.25369749406, 10.234623966
9.41446788854, 10.701793181
9.18329252813, 10.408352173
10.0402591613, 9.82530551619
10.308317503, 9.97980500524
10.0877498959, 9.85761557158
9.26481458586, 10.267535024
9.38887460332, 10.7188338264
9.50263589244, 10.4394229711
9.11083499056, 10.2250161994
9.68879006824, 10.8658575274
9.34569790395, 10.4193944876
10.6446739583, 8.89731363778
9.41307252055, 10.3295004371
9.31529396035, 10.8560982868
9.54664949928, 10.8241339863
9.44241060311, 10.3489492499
9.32421580561, 10.3279955232
9.35108313295, 10.2675525057
9.2823144168, 10.4034695879
9.82485326785, 11.2769780779
9.12949369786, 10.3115775847
9.48329134886, 10.4128281214
9.23166102572, 10.4437767283
9.74052687083, 11.0259143574
9.53463531219, 10.5111013438
9.18589282327, 10.640250531
9.30458868991, 10.2245144105
9.50436148521, 10.2055252926
9.57999501895, 10.9273979798
10.1144299563, 9.64108377338
9.15518487468, 10.582846502
9.97469178513, 9.70923998224
9.47885148981, 10.5954828075
9.80394910214, 11.0045597983
9.47248317576, 10.7222890783
9.36831171873, 10.4955237679
9.0304177075, 10.1612129747
9.91970514358, 10.8077080346
9.38499495446, 10.4786604604
9.30406919108, 10.5450799325
9.27426731765, 10.4972549849
10.232132544, 10.1944252938
9.12915719199, 10.1530763773
10.034459691, 9.82564399383
10.1563424624, 9.98808093684
9.63151039966, 11.0051008035
9.92746052894, 11.1967296656
9.29051580066, 10.8404250195
9.44268906035, 10.5572541531
9.30864412135, 10.4902507021
9.52621707229, 10.7050092249
9.45670331221, 10.5305183364
9.39114519949, 10.3832995471
10.0590088089, 10.7798614705
9.13247822898, 9.99746375926
9.41869423986, 10.3344540101
9.1862760987, 10.6884594901
9.39688772178, 10.2141178911
9.68296154658, 10.7100369189
9.8259402263, 9.65430044432
9.37411832696, 10.6239336916
9.48843828521, 10.6580142652
9.49891962665, 10.4606732306
9.36210772886, 10.4652200808
9.30294038531, 10.3792218396
9.86010043598, 9.6626452154
9.21238563684, 10.3706768483
9.35139083339, 10.4681964317
9.54659690379, 10.579393921
9.43529459591, 10.5241458869
9.13114571312, 10.2245144105
9.12253739717, 10.5682881444
9.09751257374, 10.3601069735
9.25719163871, 10.3163407288
9.70617181585, 10.9412929458
9.32339014617, 10.6708467971
9.73607745342, 10.6154895258
9.18335145765, 10.4236236236
9.56158398537, 10.6077047208
10.4977646734, 10.0535789598
9.14672490403, 10.2464463842
10.2813502466, 10.0404467207
9.23990002921, 10.1399839553
9.26483497457, 10.4417254786
9.41022532716, 10.5925460439
9.53379818983, 10.7776375947
9.47942847371, 10.7406663333
9.25005893757, 10.8494900531
9.4590201798, 10.5768555468
9.37550793368, 10.339491655
9.21699019104, 10.0728364457
9.61387410647, 10.7693220545
9.2754961068, 10.2782769566
9.06028136935, 10.0955056596
9.22067587367, 10.3907576863
9.40405983006, 10.2019368803
9.10568182426, 10.5677182901
9.37695116258, 10.5570248314
8.82650183431, 9.67098434419
9.41893523538, 10.8712776227
8.83071950392, 10.4159728152
9.48558076574, 10.855268452
8.87447464488, 10.203662105
9.25102379887, 10.4916988874
9.21857477885, 10.3180870554
9.58342597651, 10.9725467639
9.48000625034, 10.675101162
9.35996178618, 10.5017559253
9.36341018689, 10.3866443996
9.81413873184, 10.6558930076
9.74165493602, 11.038409992
9.36013237213, 10.4922829365
9.4972880734, 11.1759130019
9.63845262379, 10.9316586258
9.14729617183, 10.0804670536
9.56957783241, 10.2725907637
9.49265880676, 10.3773476277
8.99396429103, 10.1381337881
9.59407887734, 10.5587079291
9.64311157596, 10.9034978424
9.2360575452, 10.3607705277
9.49508971674, 10.6542856843
9.14976090839, 10.1262040359
9.31322230679, 10.3904096048
9.86568081011, 10.8957470065
9.70742031592, 10.9189559957
10.4251149224, 10.1431414405
8.90181000682, 10.5641197191
9.05369282485, 9.98895976053
9.34290097583, 10.4490569616
9.26505446099, 10.1710773923
9.32041065272, 10.2835477735
9.30801896982, 10.2894940908
9.02821498272, 10.2002389084
9.5890578562, 10.6009894879
9.3868496074, 10.4321365737
9.23850642751, 10.3910962372
9.40405983006, 10.6817385172
10.2280248075, 10.0021746964
9.84157050806, 11.0041789657
9.02856340123, 10.5254043718
9.70646360697, 11.0218004422
9.66000260701, 10.9246597017
9.32015972785, 10.3704469553
9.3713851708, 11.0214429519
9.14672490403, 9.91022447178
9.30048932335, 10.4424733706
9.44933950182, 10.7813137876
9.59879232622, 10.3834002438
9.24526870535, 10.4173551989
9.53638491166, 10.6260886835
9.30125778605, 10.4140427802
9.57937301531, 10.4553704702
9.64038152959, 10.7596407258
9.02290966121, 10.9178675872
9.5890578562, 10.8775564189
9.42037213753, 10.3073796329
9.38671993364, 10.585895389
9.70473381289, 11.0212354286
9.02405423721, 10.4734606079
9.53150611351, 10.8284914412
9.5593826278, 10.6552244081
