11.3750568129, 12.7575360432
11.0771337868, 12.0950684118
12.2966253117, 12.432742498
12.5436903847, 12.881752936
11.6540376995, 12.6551566154
12.6980066716, 12.7177910104
12.9320002494, 12.9172645568
13.3593532339, 12.4836725149
11.4368002783, 12.6557770589
11.7292023727, 12.9057258127
12.6218023674, 12.7496739972
13.0234862649, 12.2062515024
11.8047289119, 13.0024814918
12.6670916261, 12.8544291259
12.467860692, 12.6931477397
11.704545189, 12.7662348582
12.5234927286, 12.7509405281
12.8547547234, 11.9318771122
11.6410049534, 10.7556570124
11.4429230047, 13.179262821
12.9365387671, 12.5969032843
11.4180361201, 12.5143877542
12.1135888946, 12.3613892863
11.954866552, 12.149110934
11.2994917353, 12.462244665
12.7145882837, 12.7637757061
12.8355376419, 12.2435931975
11.4472166958, 13.0574611254
12.4379884509, 11.7127394962
11.5007544897, 12.5759179088
11.0199964766, 12.4510701571
12.731707434, 12.8981563218
12.7803873844, 12.7597393621
12.7104905894, 12.920677294
12.493093133, 11.5549382718
11.6665531856, 10.9715782753
12.3063397872, 11.6526276608
12.8013737371, 12.1248582831
12.4237817023, 12.6538080255
11.4687024043, 10.739281714
12.6624051137, 11.9924780115
12.2293128612, 11.491812127
12.6145730218, 12.836847851
13.0006033972, 12.2233612523
12.6284574704, 12.7360921962
11.8447573299, 12.1400487288
13.1812859631, 12.5779122404
11.5446231943, 12.4339840787
12.0913653898, 12.2834045549
11.2802486208, 12.4407534109
11.8346199124, 12.1762026411
11.2113455437, 12.5831301982
11.0292231525, 12.7230988983
12.4197192194, 11.8376968029
12.4706832536, 11.6255481086
12.7686639304, 12.1391750135
12.6836017189, 11.9992809768
12.6423278242, 11.8647631569
12.5321839022, 11.604284976
12.4025306832, 11.7158087523
12.4902529152, 11.5239963165
13.0500243599, 12.3517702158
12.850483913, 12.0439294726
12.7722200112, 11.9620802814
12.6037629392, 11.9475025128
12.6250986321, 11.8491897338
12.5973691495, 12.8925816082
12.4721780377, 12.5940026953
12.6566241149, 12.8988844045
11.5708420797, 13.0502760225
13.4022985705, 12.6129686681
11.5113062654, 12.9964925209
12.5538242935, 12.681398449
13.1334700721, 12.0991241236
12.6449420395, 11.7380838184
12.4935922873, 12.7591626411
12.3160596169, 12.581043914
12.5275237042, 11.7345365025
12.1351476246, 12.2193100359
12.2076505469, 12.1893747787
11.371100523, 12.6749413601
12.0666893965, 12.0865787287
12.5422045022, 11.9712465667
12.3673727816, 11.7673977324
11.3736441883, 12.8163723146
11.3222537575, 12.4107927144
11.9932984011, 12.175039624
11.0923590027, 12.351151793
11.257248662, 12.383443282
12.6162137986, 12.8069593649
12.7930182476, 12.8127962945
12.5739515615, 12.7651512811
12.7009502886, 12.8729780468
13.186993387, 12.5541011265
11.618543667, 12.8807437229
11.7689638374, 13.0211625284
12.5896030001, 12.7723766677
11.7948853259, 13.0626524408
12.5363017624, 12.6758641716
11.9587172038, 13.1412547711
11.2583857151, 12.5039481505
11.6144143972, 12.8171983255
12.9079052159, 12.7378444892
11.7279201652, 13.3455602916
11.5833679341, 12.8489099581
13.0893641754, 12.3938628814
10.8470119298, 12.7696632163
12.7459070116, 11.9236645973
12.7776981513, 12.8429543925
11.5728875299, 12.9316104492
12.6224124958, 12.6885779897
12.7448689535, 12.750715913
11.7313152294, 12.9956062728
12.3071058709, 12.4822045247
12.4618762422, 11.7015769518
12.5247201125, 12.7040739761
12.8421893392, 12.9878682339
12.3630437025, 11.5460230387
12.6879723722, 12.7671452961
12.6350791842, 12.4694269898
12.9596490423, 12.3360865282
11.5714636654, 12.9887127464
12.6974068896, 11.6268149988
12.5442188827, 11.6125142626
11.4668450185, 12.5301535695
12.6289236271, 12.0030293177
11.2363121155, 12.4983329963
11.6897739472, 12.7065246679
11.6329088925, 12.7183449256
12.1342632278, 12.2820981283
11.3117884011, 12.552624435
13.0581079261, 12.1184693505
12.7587667699, 11.9134594785
12.428194448, 11.7245422461
12.0416813666, 12.3404106275
11.2486330223, 12.4669795207
11.5485233812, 12.5890363802
12.710942391, 12.9632389065
12.1581316239, 12.2011258724
12.6858538461, 12.7662256585
12.4043234841, 12.4614965637
11.5227364754, 12.9646069485
12.1373820927, 12.3952475693
11.7287408255, 13.0158286994
11.2623063921, 12.6880108055
11.6130411096, 12.6649383914
12.5635191658, 12.7006337318
11.5995063029, 12.7257366819
13.0890075174, 12.4725304256
11.597246779, 13.214519614
11.9950935346, 12.0611603644
13.4584959596, 12.3670436992
12.9638045845, 12.2677375068
12.4205394414, 11.6556292733
12.8561233651, 11.9025377275
11.6433152695, 13.0124780768
12.8725682014, 11.8309510504
12.66968881, 12.76670541
12.7405716331, 11.8444042806
12.3594975516, 12.614303561
11.3269001332, 12.4693929455
12.0637030831, 12.8001142991
12.7223973857, 12.8697844514
11.759684034, 12.7656778868
12.7382636318, 11.628957035
12.6481073691, 11.8629989197
11.7724086399, 10.8307566918
12.5571047452, 12.7673783945
12.4249619696, 11.454478947
11.9281729881, 13.2179880934
12.5443015868, 12.7653176827
11.4312425907, 12.8795761329
12.6627659593, 12.9328934642
12.6390921588, 12.768308097
11.574741227, 13.1570181227
12.7052144324, 12.8605971959
12.7146906951, 12.8092937327
13.1113259133, 12.4429049474
11.8343072904, 12.9731512172
12.382335752, 12.6351502115
12.1607464618, 12.1639477295
12.0484662075, 12.1313662644
12.7486747382, 11.8257924884
12.3967148657, 11.2924169625
11.5781078339, 12.696016541
11.7859810926, 13.2042006738
12.8693931405, 11.923715449
13.1744730418, 12.4953637519
11.3193427501, 12.7092752267
12.9849332863, 11.9828903895
11.913538855, 11.9800279553
12.534132817, 11.5918368733
12.2855744938, 11.5946875828
12.9045389718, 11.9643462363
12.700539817, 11.6976903449
12.6317545925, 11.5113233744
12.0472285832, 12.1528918574
12.7185485322, 12.7949011667
11.3297880038, 12.5199466645
13.0213360877, 12.0939458609
12.1511886975, 12.5944330082
11.0374134825, 12.337961383
12.734235858, 12.0932862403
11.1507380147, 12.4546525376
13.3439237086, 12.0265285846
12.1014314424, 11.4228454313
11.854334614, 11.9965345574
12.3871048915, 12.5396978086
12.9476626929, 12.3322408489
12.5410813176, 12.6635498379
11.0838687713, 12.2417550976
12.530048628, 11.8121178297
12.6294253073, 11.6320045332
12.6416926839, 11.4911136076
12.2659799656, 11.7536749235
12.5989501208, 12.7087562727
12.5522069472, 12.8176922485
12.3648232457, 11.2985340174
12.9069010705, 11.9311021631
12.683634663, 11.5703442099
12.6614335354, 11.9431690601
12.7461433261, 11.9111514811
12.7090190226, 11.9377415192
12.3840415672, 12.504431683
12.4831210085, 11.7189458984
10.9350967105, 12.1640824111
12.4998699619, 11.6152638416
12.6947146871, 11.8768506802
12.4501726948, 12.6196813813
12.9631896593, 12.0397206992
11.2602131592, 12.5168322919
12.780874842, 13.0397884082
11.8997850076, 12.7434001315
12.6822032652, 12.8444950423
12.7515705014, 12.7934960417
11.545716284, 12.7622693365
11.2710498346, 12.6663134123
11.5960205758, 12.7300998421
12.4234855985, 11.7943569789
11.2090487907, 12.41517291
11.3175481212, 12.4691674966
12.0932862403, 12.456405787
12.3724841755, 11.3846830504
12.3723465253, 11.4793160362
12.4761950088, 11.5136982474
12.2567192771, 11.5344968127
12.5594259694, 12.6628552971
12.2261791755, 11.631073914
11.208550001, 12.8260660196
12.9985937064, 11.8512105916
11.8822254109, 10.9230114172
12.6063054452, 11.7521452814
12.3219762238, 11.650312567
12.4332344457, 11.4907483801
12.7570688456, 11.864821875
12.504586912, 11.6766120095
12.7019262762, 11.7080143787
12.8801443377, 12.4107600195
12.7814112754, 12.0111713879
12.5504820608, 11.7215359929
12.6078560439, 11.6758902382
12.6042961996, 11.8670102687
12.8975608864, 11.9287343722
12.7442012616, 11.8542603918
12.7692925148, 12.7920312684
12.6553134589, 11.5468410018
12.5151611203, 11.8619199765
12.5804269487, 11.7930396878
13.0180266165, 12.282294142
12.700540328, 11.6941523434
