9.31411613171, 11.7590358232
8.90233588485, 11.5374000546
9.72045418407, 12.6246877941
10.8915267878, 11.3244015245
9.03597208538, 11.4971910972
9.09139993793, 11.911669031
8.85933388619, 11.9915468705
9.42371737566, 12.2489940683
10.9363526926, 11.33309003
9.46806728645, 12.4342077149
9.23127472227, 11.9873336569
9.13443029871, 11.8597024766
11.6966972499, 8.74647061588
9.07743100938, 12.0164106745
10.7761198412, 11.1373281048
10.8361638617, 11.1714581859
11.366560191, 8.63340390211
8.97410839141, 11.9513446506
8.63672384502, 10.8478218354
10.3879067731, 11.0832486922
10.3601903022, 12.8164106978
9.1998145386, 11.5945456136
9.1726210354, 11.7767204262
9.17186040605, 11.7947494701
8.93943641029, 11.5105417131
11.0103216309, 11.3617454388
9.45665768912, 12.2917612557
9.08893105275, 12.0821193252
9.11436160603, 11.7172471225
9.34479905711, 11.6428633672
9.01403084393, 11.6355917757
8.97687260583, 12.0352948052
9.02924422565, 12.1101496124
8.9057590202, 11.9687994207
8.7073281732, 11.2851944747
8.89381191235, 11.4081229822
8.44837406224, 11.0752024709
9.00843903597, 11.6484929403
10.6295194459, 11.3157544467
9.66320775709, 10.2234903776
9.42817748685, 11.7641325067
8.58340111787, 11.3761092472
11.0441865636, 11.0152322204
8.98863189862, 11.9901170526
9.04437000538, 11.7990870984
10.4800835429, 10.5920760088
9.00552618803, 12.0800987299
9.45181648564, 11.8393836531
8.90516206339, 11.6275271042
9.10795004358, 11.8012276214
9.12612870373, 11.9814864456
8.42912431702, 11.5684384227
9.10933987946, 11.9077546794
9.29475335856, 11.9685405866
10.3841026739, 10.7380796994
9.30816889573, 12.2119837253
8.94573049897, 11.0024150741
8.67374200628, 11.3983917196
10.3618541129, 10.7060214645
8.98680914481, 11.2908029467
10.1827464021, 10.4110883417
9.08209217416, 11.8150780452
9.27477918177, 12.0483679425
8.93155877788, 11.6212623208
8.98331151467, 11.8666775653
8.79209287093, 11.2730914561
11.5645109607, 8.68969926469
9.19576850296, 12.2298076963
9.52987318434, 12.117489559
10.855586384, 11.0265812283
9.7910148625, 12.6570529614
9.25047691351, 12.2027409996
10.614100089, 11.1519384662
11.189046209, 8.69304731093
8.90233588485, 11.6786628441
9.14200368687, 11.9772242464
9.34416388517, 11.8026505553
8.87003184068, 11.2588846411
9.0035748773, 11.4052849372
8.89242589262, 12.0829501473
10.4707004485, 11.1332054167
9.00552618803, 11.6466791508
9.37242055905, 11.8765130654
8.98671966565, 11.506538019
10.9428144537, 11.2797176659
9.21264447285, 11.6153641307
8.88278580997, 11.6379687944
9.26571060293, 11.8538333737
8.51596187056, 11.3486427046
10.849249643, 11.1788388926
10.3971875453, 11.0362561538
9.17095378774, 11.9768998371
9.49413246045, 12.2547739208
11.0530980715, 11.3950622419
9.25250145819, 11.8082674512
9.36464299472, 12.005441948
10.5103455744, 12.6952700366
9.40940006358, 12.0390287285
9.29173869253, 11.8233415814
9.90611943262, 12.4841713848
9.08246992771, 11.5751278288
10.5312401266, 11.0482113467
8.9166568629, 11.6387751203
10.2358047278, 11.0399009623
9.26923967525, 11.8560389676
9.3537076977, 12.0229128679
9.84012100042, 12.016245349
10.4826583703, 10.8710584291
10.3136619754, 10.7439897338
9.07185724101, 11.8589387255
10.4752686492, 11.2820989933
10.6825525641, 11.1968167896
9.61910177957, 12.264659478
9.13164640654, 11.6551106204
10.1886744646, 10.8241581574
10.8616348336, 11.0281946896
8.99167107887, 11.8914975868
10.676389694, 11.5289075868
9.32814679383, 11.9073905137
8.75327952135, 11.6626038571
10.4989956152, 11.066544318
9.21430918722, 12.1799741497
9.16557172323, 11.7487890309
9.06632292672, 11.3549457306
9.13263293828, 11.7837302741
8.31474198521, 11.7518115431
10.2841667378, 10.8041474342
9.96044208804, 12.3395385656
9.17310973751, 11.9213169774
9.13451167631, 11.4257872125
9.39120921135, 11.8387355657
9.07716171156, 11.7148064475
9.11636399815, 11.7936799399
8.63672384502, 11.6940814314
9.01978737107, 11.7207042357
9.22965160884, 11.7976048153
11.9777606246, 12.1799307055
9.10971599676, 11.8351285311
9.22328899906, 11.7847201502
10.6093520128, 11.0465492437
9.48965833891, 12.5407762263
9.48751877508, 12.9203529291
9.28903774407, 12.0010844269
10.8761431873, 11.3971348309
9.24697193962, 11.6330095002
9.63220073906, 12.265821978
10.715671801, 11.0875782902
9.1726210354, 12.1376532942
9.16173424101, 12.1659387576
9.00610689455, 11.8547269306
8.85006786264, 12.068744042
10.6187189713, 11.4621377835
10.4799691094, 10.861914213
8.92487738823, 11.5691564037
9.00901344106, 11.8255451641
9.62534795312, 12.307464737
9.23267502049, 12.0027771174
10.3038503676, 11.298337464
8.95053526929, 11.726124222
10.4156693481, 11.1158214721
9.25551577208, 11.8752474078
10.5818022705, 12.9962951409
9.33269883965, 12.0874383793
9.50804555251, 12.0504227001
8.60545379942, 11.6907533238
8.86701457611, 11.1364134824
9.22059230495, 11.6767137271
9.1817637839, 11.7698501304
8.89827202354, 11.5804494714
9.31203944167, 12.0041188063
10.8890600264, 11.3917369011
9.72718983919, 12.5164231732
9.06286436022, 11.82153799
8.97069930078, 12.0496374809
8.92993532817, 11.880289058
10.7848570832, 11.2074449441
8.84991787631, 11.8604106505
9.00761238498, 12.0123453115
9.46749191894, 12.1714551618
8.89979576394, 11.8577726427
9.3196500168, 11.9762957405
10.443021182, 10.668279471
8.94331220747, 11.6213089773
8.79670253581, 11.4938801864
9.60420389485, 12.3120439132
9.33934560663, 12.1352493284
8.85516661669, 11.4337954836
9.40295881549, 12.0710114269
9.2625083362, 11.9778248222
8.28768496585, 11.3372853477
9.09870240861, 11.3830993225
8.57532132928, 11.3871893675
8.94156541595, 11.5534202378
8.99736107215, 11.8152176556
8.32688052509, 11.2676805198
8.94329914733, 11.5161921771
10.4936806332, 10.9719071801
11.0769455888, 8.64882198191
9.06576109202, 11.3743492364
9.5152111674, 12.318325974
9.19332166858, 11.7657851994
8.87243213736, 11.4932994625
9.10228923285, 11.5848429468
10.4362432521, 10.7378568416
10.3629349193, 11.1442438619
8.63565407089, 11.0819435809
8.41785502804, 11.7986590064
10.5962278661, 12.7509912921
10.5402455736, 13.0269525514
10.8584490415, 12.7354774864
9.40735213552, 11.9450344762
8.77340274457, 11.8054509684
9.02139631166, 11.5080837661
9.23724995076, 10.3756616656
10.1544105362, 10.7103324438
9.00357908734, 11.9826676796
10.8219765398, 11.1774659444
8.77724614734, 11.1123624618
9.05564950449, 11.9651935152
9.06105445444, 11.3257118834
9.18556770725, 11.833516273
10.7498095408, 11.3661921919
10.2010555262, 10.7369516526
9.32172845156, 11.8323037548
8.96474483071, 11.1606721555
9.05733721306, 11.4670120841
8.7857654082, 11.4908108864
9.39532089317, 12.0339803139
8.98818128066, 11.817722209
10.222197824, 10.9590512663
10.2410290359, 10.7609115872
9.19332166858, 12.1503644481
10.9457387287, 12.9018527327
11.5944560271, 11.8927040877
10.9221347163, 11.5333254838
9.2625083362, 11.7464400011
9.0303311841, 11.6907596528
9.39120921135, 11.9535204678
9.06146906672, 11.7600923105
10.4679845141, 10.7057131791
9.36138345511, 11.6541694152
8.86725294145, 11.8832182756
8.59434522444, 11.0947056248
8.99373645249, 11.202615351
8.78740176789, 11.2889537879
8.72580281416, 11.3540158251
10.0977482372, 12.4453314582
9.12670373156, 11.7607249795
8.8908123587, 11.6696260195
8.85671398663, 11.6087506532
8.66945069664, 11.2731927325
9.11936543451, 11.8984923517
9.20090316168, 11.5834480747
8.91714466722, 11.4734792537
9.10577223262, 11.609539529
8.82940444542, 11.4066529514
8.73991324491, 11.3579678407
8.89740810206, 11.6910475079
9.06286436022, 11.7083218145
9.06493804935, 11.1719358317
9.04437000538, 11.3421831874
8.75679517803, 11.4009329877
9.19962242951, 11.9537605373
9.03666199217, 11.8030408976
10.5713113141, 11.3093928932
9.09870240861, 11.5515847451
10.8076104324, 11.2029104853
9.00049374599, 11.6340642623
10.984032504, 11.4044936895
8.86725294145, 11.2054614034
