9.41397391762, 11.4526194438
9.46276530159, 11.3945976433
10.4535950294, 12.6260420494
9.91442977967, 12.1325379522
8.84771465877, 10.8195053168
9.52644900977, 11.9367378111
9.49135699967, 11.7992886755
9.56396169554, 12.1495901341
10.0607781773, 10.6258089023
11.3346766157, 11.8781212913
9.63887716391, 11.9323490275
9.20395603528, 11.9173804986
11.6371248052, 11.7285774811
10.5901986645, 11.1483581764
9.5917964391, 12.0802560338
9.56227602761, 11.8676106703
9.49510724923, 12.0741474742
8.55892793254, 11.3173333925
8.98287976029, 10.8674653479
9.0121727774, 11.5732667092
10.4023654466, 12.4413455958
10.2606179053, 10.5306216257
9.26836395204, 11.456562438
9.56377394776, 11.6677709223
10.1220825537, 10.6239236033
9.64661315958, 11.8213138614
9.18481083588, 11.9084194758
9.26090248661, 12.2288638284
9.26158650842, 11.5914458767
9.01209010619, 10.9030580673
9.06309431095, 11.5073580792
10.7004397181, 11.1757030193
9.68420112043, 12.1272451546
11.1194256935, 11.2335381259
8.81791088159, 11.0530250101
9.18126810034, 11.404264809
9.15517334013, 11.2151575825
9.21734888729, 11.4136357929
11.4365064421, 11.5097831922
9.09920986719, 10.9739257979
9.19110967983, 11.5816827525
9.1120205225, 11.6719458291
9.39686704733, 11.8708860455
9.37379855358, 11.6306631874
10.4607722396, 11.3493093787
9.81921385358, 10.5414785238
10.9369826736, 11.2038301081
9.13750542829, 11.5943147729
9.36360611271, 11.4497626124
9.37325520059, 11.4151839029
9.4338465853, 11.4744489183
9.51073108419, 11.4911384052
10.3841830679, 10.9668369459
9.38495521018, 11.3060177614
8.77514211221, 11.3245386798
9.79034993831, 11.9710043816
8.75125475291, 10.9270089754
8.94728878343, 11.1370890749
9.21310823362, 11.4989028781
9.07147038991, 11.4454688702
8.83408310343, 11.0348294078
9.16802463388, 11.659677023
9.26320390239, 11.6600761175
9.11424162717, 11.2757660372
9.46105435753, 12.0177153448
8.7863091206, 11.2569448837
9.56141213861, 12.1103756104
9.73987469484, 12.315376815
9.46082643528, 11.7325855984
9.56232193643, 12.0509435377
9.96635935373, 12.3831833358
10.7910268905, 11.09915251
9.57288685162, 11.7969397266
9.59545675224, 12.1213770146
9.38007276706, 11.5777885597
9.31940351736, 11.6811730065
9.20190711887, 11.439930231
9.01070148087, 11.0820327533
9.22757781737, 11.0978050385
8.87444970029, 11.1596033743
9.71102401642, 10.6471647001
9.64195771678, 11.3890272535
8.72218344408, 11.3402821129
9.93989695389, 10.7697156401
9.22973907584, 11.3216376405
9.95377288638, 10.481678053
9.81456470683, 10.6332378105
9.26923967525, 11.4421783685
9.37325520059, 11.302774681
9.88642952265, 12.0901808087
9.63583026748, 12.1041630329
9.75185648558, 12.348102225
11.2553533084, 11.6109373515
9.87883735633, 12.0589503423
9.38007276706, 11.2590898162
9.39890505637, 11.4735611917
10.3814400236, 12.348102225
9.46613522957, 11.54947527
11.1249572641, 11.3622905211
9.72657453303, 12.1984918224
8.79270878648, 11.0782950803
9.37934861202, 11.8543499267
9.60427542778, 12.0046598273
9.16865813932, 11.8633248619
9.40890974723, 12.182250345
9.61305105387, 11.8420669668
9.25732767802, 11.6067958114
9.50915228247, 10.5016485366
11.0264565941, 11.2071851196
9.37778899422, 11.7816821426
10.05535169, 12.3441195383
9.56102697814, 11.9200521157
9.69982342366, 11.9880712559
10.631011349, 11.1458824421
9.99835209116, 10.7654108901
9.70942181492, 12.1813266305
10.9184349964, 11.4348476572
9.28408721302, 11.7677597346
10.9749289581, 11.4322979102
9.60736395173, 11.9514716015
9.20605207561, 11.8486752809
10.0295822558, 12.4372096591
9.31216846577, 11.69951317
8.86322905463, 11.2166987799
9.13170261609, 11.1964467299
9.59972772223, 10.6969593164
9.14886911019, 11.2726746303
10.1894610604, 12.4149124086
10.0508348347, 10.7241056522
9.10325094088, 11.1870505584
9.14208358235, 11.1643546289
9.63083090918, 11.7670962846
8.85367486824, 11.3704344249
9.34817365386, 11.5073752653
8.97452572517, 11.1987040493
9.72067670825, 10.2687941719
9.69417985884, 11.9634917386
10.6808470503, 11.2714502432
8.80900935226, 11.1996891098
9.64994368957, 12.1508919452
9.48725728672, 11.8687156566
9.76132374197, 12.4008219158
8.99970594969, 11.5346432734
9.19202939575, 11.506538019
9.08535151727, 11.3699860606
9.69894078571, 12.0319879362
9.54621662257, 12.00602621
9.64821817693, 11.9999111405
10.8595085345, 11.5085547525
9.38109929611, 11.868245628
9.03124059313, 10.9357728915
9.46671744315, 11.9428503595
9.57181048438, 12.0737791071
8.8908123587, 11.2021226046
9.43287475356, 11.760373695
9.37763108783, 12.1778860776
9.17183721228, 11.6670794812
9.42810280001, 12.034756015
9.44696539777, 11.7827821423
10.7544250703, 11.002764506
10.0166026996, 10.6843502645
10.7910790923, 12.524518136
9.46276530159, 12.1410245232
9.21521726806, 11.3153596181
9.23267502049, 11.8089227066
8.92411058174, 11.0714443899
9.27142165478, 11.513393356
9.56262799241, 12.094709355
8.89805754027, 11.1239472895
10.1120712424, 12.3584245502
9.16576562618, 11.8158046622
9.63842093101, 11.9549158229
9.61121795141, 12.08875427
9.49139164874, 11.8094854726
9.50366322856, 11.9066323247
9.72546445806, 12.0999394059
10.6394886508, 11.1265945475
9.28408721302, 11.9531072241
9.34840654147, 12.0726517026
9.66927037869, 12.0574728153
10.4929398134, 11.0085701511
8.59334599502, 11.1638359517
9.30584920524, 11.4717598057
10.1995454151, 11.0142781729
11.5227364754, 11.7043231136
9.71678486362, 12.0982932249
9.05754451386, 11.2166987799
9.68358268934, 12.1022642981
8.75943654156, 11.1916715605
8.99354540873, 11.8083994785
9.11362351557, 11.2894682879
8.74043909544, 10.8996855313
9.03733284336, 11.3674654996
8.9761941098, 11.8377698935
9.13750542829, 11.3491977519
8.92233744954, 11.1724014062
8.98652160659, 11.3837303855
9.39511600973, 11.7171220197
9.0545261501, 11.045709613
9.24952718534, 11.8254855562
8.85187163317, 11.0172123321
9.17183721228, 11.1692300131
8.53575168195, 11.0359079831
9.28184817693, 11.2679666568
9.43046923265, 11.7644401397
8.92798977089, 10.7861257868
10.1676685181, 8.92276951859
10.6500891903, 12.4368787725
10.0683907955, 12.0374603234
10.0273355512, 12.3277404474
9.25054433041, 11.4041617322
9.36536223675, 11.6282966368
9.29032680581, 11.3830520235
8.8702873765, 11.0502427237
9.20452321146, 11.3338373497
10.7353634906, 11.3485746993
10.5860054593, 11.1831211072
9.31822816747, 10.7851917321
8.90795166774, 11.6135807726
8.7026595507, 11.1090283858
9.37627538184, 11.3164394867
8.97452572517, 11.4672408294
9.00131924137, 11.2235515601
9.19390854419, 11.1986291838
8.79221791955, 10.8295311803
9.27967885291, 11.3867479752
9.05307058173, 11.2390688456
9.23148082913, 11.6225723894
9.7375910457, 12.1967517942
9.4403149503, 11.9017392262
9.18291710223, 11.0843593921
9.46680495807, 11.7710878503
11.4838363759, 11.8941646722
10.324916424, 12.2800521645
11.1397090006, 11.5716968651
9.29035227514, 11.4895637846
10.205722399, 10.6554120564
9.4476841596, 11.4426192989
9.32995192682, 11.2800829639
10.2945539003, 9.05812839835
9.17186040605, 11.4974158708
10.0127411274, 10.4172267767
9.39910135368, 11.3293670534
9.15006107379, 11.409257866
9.04760767477, 11.359819745
9.20061349313, 11.3095434423
9.75983366888, 11.9353646611
9.26860074561, 11.4894941767
9.49513241582, 11.1127713365
9.3096829308, 11.5564918839
9.12187858066, 11.2736506491
9.5650031729, 12.0679537983
9.22077715624, 11.3769010283
9.43480897148, 11.461483251
9.11920033569, 11.3266701012
8.9563248728, 11.0321146941
9.35782045404, 11.1026045495
8.96508271426, 11.4119744184
9.30189752411, 11.6823615888
8.64778005961, 11.1233551161
8.8806468078, 11.1225961546
8.92663218777, 11.6066358712
9.81153642844, 12.0644873978
8.92944675302, 11.0254457765
9.54923715491, 12.0108572757
9.48163369438, 11.7444525114
9.41165273907, 11.7245221752
9.28772773889, 11.5750375764
9.4962300656, 12.0371288226
9.22162204103, 11.2796278398
