9.14920026642, 12.3244778741
9.71016974222, 12.0777164608
9.61922797047, 12.2133984571
9.30433873256, 12.5644880913
9.71341336707, 12.1990050757
12.0485286527, 12.0361920296
9.31738850879, 12.7108632105
9.35579871135, 12.6720390271
10.0555601625, 12.5891544384
11.810630717, 12.057885624
12.1803236273, 12.2435359311
9.91934925959, 12.8531963009
9.58348763546, 12.5069259413
9.67016711389, 12.6756467319
12.1468304854, 10.0828939617
9.92955487195, 13.0509032638
9.83358684093, 12.8651052702
9.87794258916, 12.5192479731
9.8090111627, 12.0072920146
9.57488070229, 12.8476884663
9.8388121398, 11.9710943152
9.42421581226, 12.2312280166
9.85038828549, 12.3993340085
9.89215416213, 12.3591925342
9.89779147607, 12.3226425067
9.94624157038, 12.8369740133
9.58681132424, 11.9340396384
9.78756248028, 12.9938929078
9.7857636688, 12.4288695949
10.033022645, 12.4315296803
10.2814001204, 12.5411211255
11.9993184838, 11.8263559108
9.66889962865, 12.7296227838
11.9845154161, 11.9214606458
9.74633529899, 12.0899547528
9.53548948297, 12.1942982204
10.1082416773, 12.2742195839
9.63873707901, 12.2016590884
9.57170737777, 12.4028945073
9.71721263856, 12.1746413869
10.0809095992, 12.6432592665
9.6251477914, 12.5264450103
9.75511393711, 12.9572224443
9.39639390982, 12.3198310488
9.86792646052, 12.9237899819
9.99304450779, 12.3827686298
9.68848053615, 12.8855911736
9.94104498007, 12.3122248386
9.91048048064, 12.1804094691
9.87628017642, 12.2211470619
9.76569755508, 12.4617872253
9.85576805856, 12.4061815416
9.76434771942, 12.5612254094
9.85948260935, 12.4050335049
9.66405063284, 12.2780564068
9.73338809156, 12.6938743037
9.79173808366, 12.2761331237
10.2027081075, 12.0484694436
9.69414034625, 12.9026677967
9.12363147344, 12.2175054451
9.9826606042, 12.5324708087
9.34992134229, 11.9507922009
9.55803978244, 12.2729810909
9.56671643593, 12.2087404269
9.42952245008, 12.3920953419
9.75776839605, 12.1569015439
9.70080481657, 12.7039897959
9.8731440607, 12.9350240169
9.99121994935, 12.9039372707
9.65144236025, 12.9035892173
9.61885408347, 12.4049842301
10.2311332505, 13.0343220383
12.1555436625, 11.8489872535
9.46266598807, 12.6446928026
9.54603729152, 12.2479944976
12.1436427263, 12.1362390415
9.80368766965, 12.2716949399
9.69569020217, 12.026525226
9.94666672005, 12.2586565878
9.84926560272, 12.4953457963
10.0031391916, 12.5683381159
10.072204662, 12.4903558831
9.99643711929, 12.5186472695
9.93934240457, 12.2617045127
10.1121554772, 12.6434601137
9.72344632829, 12.4400858865
9.6885431438, 12.1664279392
9.99265569869, 12.3154258348
9.88023525335, 12.3381369498
9.40045687297, 12.5541312679
9.51483836151, 12.5522204009
9.6832357237, 12.6524014617
9.48298415492, 12.6450632175
11.8649355352, 12.0375573479
10.012323673, 12.2001089966
9.65836498413, 12.4116412128
9.71997608941, 11.8496233414
9.91708338713, 12.2861898127
9.60060452514, 12.6140953051
9.85018006974, 12.203925103
9.44705107704, 12.2643701261
12.1526632492, 12.2135938919
9.15261946781, 12.6259492571
9.11563994256, 12.7266111069
11.9648780482, 11.9258460063
10.1826591403, 12.9680162503
10.4822044431, 12.8310771083
9.91249000593, 12.3315612431
12.0184888498, 11.7857196978
9.62924272088, 12.9498694005
12.062960316, 11.9565342313
9.35681399734, 12.6341958629
9.91674574147, 13.0927560505
9.53899996501, 12.772954785
9.32486987067, 12.2522935037
11.9160555312, 12.0156436658
11.7194667268, 11.8345322789
9.41439207638, 12.0250622304
9.51123939073, 12.6080685165
11.9935890821, 12.1389311095
9.61255521758, 12.7686978071
9.53186596254, 12.5781900505
9.61096794308, 12.2092803418
9.58243244449, 12.1273806719
9.72879150288, 12.3514360725
9.65819352987, 12.3033576033
9.6637517285, 12.5380327455
9.92743226657, 12.3096004332
9.90649526076, 12.4818379414
9.58490440742, 12.3063687095
10.1369083676, 12.7188251897
9.39763634737, 12.0737846351
9.29189070169, 12.1604555774
9.73699324807, 12.4499728983
9.76179483364, 12.5236392163
9.63108609108, 12.5295660462
10.1742310616, 12.9455322625
9.44512245797, 12.5112190335
9.92348034183, 12.5790898045
9.35524989964, 12.5847871483
9.48849668951, 12.4325569575
10.2229030151, 12.6006142128
9.69980272841, 12.4592943613
9.74827749808, 12.5108518482
9.53846333912, 12.3311375524
9.84383659277, 12.0997701844
9.41821293331, 12.1367062141
9.70614209241, 12.68619146
9.40679123254, 12.5033711586
12.0849810411, 12.1332527927
9.96430215409, 12.5562805093
9.7413626691, 12.5060008273
9.34962521809, 12.8674699748
9.83816063053, 12.4244572678
9.57039061212, 12.4085249405
11.7436124813, 11.9705539858
9.71617716365, 12.4804417302
12.0703614334, 11.9903889892
9.48479024421, 12.4202160189
9.60973252308, 12.7891488788
9.6720926553, 12.5005158552
9.71923793185, 11.6256433894
9.58161383853, 12.5818569239
9.78928445997, 12.526297321
9.73592875263, 12.407095657
9.46914303618, 11.9444047732
9.65156206446, 12.7877429608
9.51514996078, 12.6755388139
9.94362578275, 12.6699116755
9.46787700833, 12.4914985293
9.87287886382, 12.8726117462
9.87056077419, 12.8593465858
9.535477165, 12.5512439605
9.61247981322, 12.7022093184
9.23471035869, 12.7159303114
9.39758938504, 12.5649056139
10.007358031, 12.8723979126
9.8689970092, 12.9415336292
9.7177797709, 12.8717304889
12.0404294626, 12.0183916453
10.0877771464, 12.6198695537
9.88846552404, 12.6339335353
9.47590903389, 12.0322922842
9.93105578103, 12.4043006982
9.54509466838, 12.4769810262
9.50582443889, 12.6258181893
9.70812788063, 12.2373259218
12.0074961933, 12.2093460504
9.77404579438, 12.3731030714
9.38172650147, 12.6246921398
9.68086736712, 12.2979853729
9.96005793788, 12.087733846
9.80017219798, 12.6614128485
9.68434602768, 12.618570377
9.1461504676, 12.4319089764
9.90624709113, 12.5548153115
10.0245945694, 12.39502651
9.1572371081, 12.6094444367
9.95951270073, 12.2221000174
9.81070502811, 12.6635605709
10.1003731921, 12.4517787198
9.95561830092, 12.4328921231
9.36581632976, 12.316952263
9.55422995396, 12.3203514355
9.1884203961, 12.5569166159
9.48497548, 12.2014810155
9.87258037907, 12.6286176958
9.79409274533, 11.8602447101
9.57155459395, 12.3657994898
9.52374973886, 11.8237675721
10.0465944186, 12.7390029318
9.69225962671, 12.6808138888
9.34054061542, 12.1546302301
9.65693522582, 12.1618164977
9.65066200832, 12.2143113436
9.63566458327, 12.6439084336
9.68273231662, 12.9811224356
9.74448398694, 12.2813230922
9.59370989953, 12.0625966174
9.53531164983, 12.0618271432
9.8142142802, 12.4577393592
9.74556485287, 12.4414527673
9.51833753016, 12.3780509364
10.1360684088, 11.9761567288
9.31252963438, 12.138016045
9.62385478562, 12.2414659375
9.77941919437, 12.4294863435
9.4764861827, 12.404395606
11.9397580259, 11.9339704186
9.44839124037, 12.7377684656
10.0821029809, 12.2287083976
9.90037859965, 12.6449395364
9.77003348041, 11.9919810073
9.797454651, 12.0387806212
9.97378366963, 12.8392710052
9.79192586957, 12.2761605205
9.63036189416, 12.0485971105
11.7314309589, 11.7002640059
9.88142157518, 12.3327123748
9.87705361514, 12.3547661515
9.92732807428, 12.420261079
9.62575043938, 12.1753155144
9.71459602236, 12.2160962247
9.71358321839, 12.187441212
9.51648727086, 12.6676089039
9.75118521111, 12.6277329299
10.1340323508, 12.5330207429
9.65661873273, 12.5604127127
9.77049708338, 12.4730238201
9.6468315402, 12.171750569
9.45626169123, 12.1721275024
9.46858078729, 12.660306307
9.51619200527, 12.6925048382
9.69379212185, 12.3343606135
9.76950885192, 12.549065833
9.51676084467, 12.0746596275
9.59880267999, 12.1746062225
9.43458141048, 11.9941660866
9.41281753616, 12.3036370725
9.53796905727, 12.4081458449
9.77302862029, 12.3882874379
9.70125900951, 12.071846468
9.75513216206, 12.3514038002
9.71477741495, 12.4244573164
9.79560724274, 12.8011056503
9.25438571572, 12.5924295912
9.75817335418, 12.5203869431
9.55592546149, 12.3894002736
9.89609617798, 12.3766722547
9.71727918543, 12.3839995182
