10.7809830405, 10.41452889
10.4370928976, 8.86580435596
10.0704988047, 9.98084203096
10.2880295967, 8.72152465044
10.9274457139, 9.15264605282
10.3177497378, 8.81204567154
11.2509055488, 8.88614197303
11.0490814601, 9.40431888083
10.6455294187, 10.4705795875
10.3799909671, 8.55135668071
10.5034502197, 9.26427543832
10.0802736423, 8.7408414197
9.99314758789, 8.50331244002
10.0202236351, 9.0255272788
10.9254005087, 9.1793318322
10.155055873, 8.92179687652
11.0449394575, 9.22907351107
11.1002528592, 9.35249671196
10.776147188, 9.01566276294
10.2836720551, 8.5642560697
10.1012656559, 9.63168924446
9.24366089509, 10.8296360421
9.35984374016, 10.0749724519
10.9071492182, 8.42815248754
9.65982547012, 8.51363809221
10.2057450116, 8.8219407595
10.4744604719, 8.56906088798
10.4289032612, 9.05708267378
11.6807858795, 9.67469976234
9.25271850953, 9.82429359562
9.3036112075, 9.97389371398
11.1990220039, 8.99176513242
10.9955781879, 9.14938097452
11.042361367, 9.16923558824
10.9762225138, 9.24358377531
11.8722258332, 9.98106332419
11.4156457143, 9.38135878475
11.0196867404, 8.89275023791
10.6312221144, 9.19518427466
10.4059724388, 8.57890802036
10.8889363961, 9.23998469262
10.6823339989, 9.03277340093
8.34726698967, 8.06079249582
10.3916264193, 8.59385735343
10.0222239233, 8.63752867186
10.4579553723, 10.1704860958
11.0443495099, 9.13118312076
10.5471268682, 8.60640784953
10.4492153654, 10.2243486183
10.3687342609, 10.1675623749
11.2487563003, 9.44664391297
9.05767240636, 10.0267614578
11.4945542731, 9.69018825116
9.31415556251, 10.0596460858
10.9307793623, 9.11070331022
12.0784101641, 9.63213038281
10.7200380891, 8.94323749585
10.677574049, 8.84133661715
11.9150876472, 9.92206841717
11.5558124404, 9.56704726152
11.18464148, 8.98610841527
10.413383183, 10.0016203072
11.2576342702, 9.32053334691
10.6988132815, 9.18798282321
10.6474884688, 8.99048400252
11.7218424712, 10.0259030759
10.0326404789, 8.5736317098
11.0052097458, 8.97102558395
10.1543102069, 8.82433965651
10.1047269839, 8.66530375216
10.226282875, 8.58346234317
10.3970206824, 8.77435642155
11.1073178478, 9.473403786
9.09768054504, 9.9434864552
11.3435234469, 8.92536782552
10.1891106432, 8.84760993165
11.3223493134, 9.49356673342
11.2863851508, 9.27687398402
10.6283193283, 8.95110807376
11.2536348222, 9.22675116226
9.56773348868, 8.02445621765
10.5268682729, 9.05093328607
9.9644122998, 10.4339684644
10.7302307666, 8.96498113021
10.7254263264, 10.6732399278
10.76026644, 9.10052995835
9.61660101688, 8.57144938687
10.9943888556, 9.51437722847
10.8803135418, 9.34052423895
8.56972454771, 7.88834797351
10.3764282139, 9.06374078238
10.9782329839, 9.224078789
10.2155651124, 8.78898091644
10.7547712607, 9.23166192339
9.30192407842, 10.9471591263
10.6131107879, 9.28304396043
8.83105742823, 9.2782419475
8.91899513896, 8.63591011064
7.80515951266, 8.29774676181
10.9672358829, 8.72497209091
10.7405138203, 9.0747987539
11.1169048893, 9.50593105608
10.6205524838, 8.82181315968
9.71140250087, 8.50926493032
8.1218926497, 8.1325038192
11.1759558429, 9.06718402604
11.1080196129, 10.9927693964
9.42217510487, 8.86927076856
10.3160015001, 9.6285480388
11.5090221541, 9.6078051753
10.7676806636, 9.01605805568
10.4170489702, 8.7304228787
10.0198311914, 8.52590371159
11.1146739296, 9.33254651433
11.8186875337, 9.84926177182
10.7173556969, 9.29962368579
10.3011807687, 8.99358383452
11.1218635528, 9.00135447485
11.1693313419, 8.98987170572
8.82790090118, 8.26127770191
10.2673051758, 8.54908867937
10.7008487346, 8.83608990159
10.8395170494, 8.9624372131
10.6623613572, 9.00134631314
10.6696525662, 9.24655136833
11.0300106997, 9.37884617696
10.0611078603, 8.66840198471
10.334875366, 9.86533297743
10.6754478411, 10.4400672025
10.9082701368, 9.20663378255
10.8509240654, 9.03863432633
11.2622823517, 9.37779027887
11.6580391079, 9.63196590041
11.6825061848, 9.75082504316
11.5403969535, 9.42765055908
9.39212495372, 9.4412252097
10.8282687461, 9.19200722716
8.55601100124, 8.14401272505
10.815690211, 10.6125461609
10.8880172721, 9.11080552531
8.66591707624, 8.13369428555
11.0495817853, 8.65391266401
10.8726997411, 9.0243365438
10.7490119092, 10.4487307032
9.21867233015, 9.82272373837
8.65921072803, 9.51697687992
10.2812615909, 8.70840792325
10.977652455, 9.19647817855
10.7453969016, 9.14497383564
10.3244011425, 8.77254945272
10.7671893059, 8.88061854688
10.7399566722, 8.81559182522
10.3652559289, 8.98010210628
9.66042633433, 8.61350944626
9.1464046346, 8.19052413577
10.8032093548, 9.12246667532
8.62309401842, 8.14227183206
11.4553348412, 9.33073568816
10.8907138274, 9.08007197047
10.4452018458, 8.8853881078
9.83262264042, 10.3506973307
9.19050398438, 8.999917876
10.7273673742, 9.34846318283
10.8908627917, 10.6428613942
11.4402002569, 8.68831352543
9.95091291814, 8.31563098669
12.0269379492, 10.0600387153
8.6514264685, 8.37237406078
11.8655787019, 9.89362754313
10.131678969, 8.65874138385
10.1463624639, 8.90227070569
9.32224361047, 10.8438062854
11.0678843509, 9.07166146277
10.2328619584, 8.65578504568
10.9940042482, 9.45239393928
10.9594456237, 9.26198667272
11.0350896784, 9.4644768641
11.0372780003, 9.15419133784
10.4789011509, 8.99363824135
10.4605471378, 8.7533428071
11.6288603463, 9.60144947579
11.2276100693, 9.73253754258
11.3569415731, 9.43562159358
11.5648462733, 9.65442727289
9.88935686269, 8.76397469608
10.1265004943, 8.86948740732
11.5316595244, 9.55258612321
10.0742625551, 8.72684420869
9.5973901988, 8.45284978899
10.2242159915, 9.94743824982
10.2213250542, 9.30114036386
11.0108534244, 9.06206196015
11.6132143646, 9.66377692521
11.03388133, 9.26572297394
10.2371365238, 8.51756602965
11.7393755409, 9.66327767738
11.0462929904, 8.91087933412
11.2497746216, 9.34388373534
11.1145329059, 9.0976950176
8.41176332653, 8.40704096314
11.048707579, 8.79513951082
10.6970110817, 8.96071357344
10.9443779403, 9.14814454607
9.30202902206, 9.70570880674
8.75403008472, 7.94077647842
11.6212015846, 9.3765914554
10.7882659989, 10.2266404059
10.382711403, 8.91368641135
11.0151213462, 9.08493353693
8.97122527445, 9.08415698343
9.06752511184, 10.8384985075
11.7082889722, 9.92662480869
11.5261178031, 9.11401913852
11.8053439951, 9.47745824442
11.67424631, 9.70427698228
10.3113666826, 8.91061979526
10.4855992037, 8.61233388348
9.96454990619, 8.53940073028
11.3682366516, 9.44543571229
10.9581746423, 9.06811463171
12.0305691304, 10.0387336053
10.9829373644, 8.88690149664
10.3547904428, 10.3913123722
11.3772187793, 9.56929298437
11.2479093421, 9.4567699192
9.77602512871, 8.2391750348
11.484019685, 9.31936429834
11.5162714244, 9.65666765623
10.7612559825, 9.07570029723
10.5305709315, 8.80041429
10.5140312551, 10.2498137841
11.0256117471, 9.22298564773
9.42290151462, 8.62489680509
10.3454957123, 9.89747995737
10.1889381019, 8.78879601594
9.12583842496, 11.2371574103
10.4443091163, 10.2041970107
10.3923223896, 10.4606499669
10.3578240185, 10.2270001817
9.5298851305, 10.1879604487
9.5878045861, 8.78075722784
10.8155424171, 10.0041169748
10.8756380224, 8.89035322283
11.5075079385, 9.65538402869
11.6072310944, 9.54896219902
11.6350017277, 9.53048684092
10.5508532469, 10.2526425895
11.8669846507, 9.99511492782
10.8061519787, 9.04601151257
11.424726101, 9.17700373457
10.6249329795, 8.79009228838
10.4749917427, 9.38322823456
11.3103865517, 9.40961632622
10.6935669726, 9.56183964043
9.61686098807, 8.52119105783
11.0828880737, 9.10791113558
11.159284525, 9.32655129436
11.206473974, 9.56760674139
10.7566926953, 9.11181593962
11.5273016492, 9.51490583771
11.5207396539, 9.50142797331
11.0336119533, 8.87581725411
11.291999017, 9.39187027005
11.9405345084, 9.6325933246
10.3132567327, 8.62793446856
11.6659572824, 9.69398103786
8.76349592677, 7.77416901894
11.8177827713, 9.5527064924
10.5171700045, 8.82310396382
10.8352016627, 8.52476837089
