9.21328569479, 10.657213315
8.84772130242, 10.3176076313
9.62936985022, 11.6456467151
8.95266006662, 11.125935679
8.69419928119, 10.9347063234
8.90597343198, 10.727780848
8.99833722241, 11.2410074954
8.9492582104, 11.0397181726
9.03359142955, 10.969303597
9.24559536338, 11.4431390951
9.04447984915, 10.9824370604
8.62465079657, 10.8356600929
10.5506976999, 10.5956758492
9.03258358094, 11.0640849751
8.67762141158, 10.5609509991
9.01890240786, 10.5167010414
8.47491536171, 10.6312468925
8.84450787533, 10.0745210593
8.82730433206, 10.1139744872
8.69794467642, 10.9873718749
9.6858748214, 11.9830557712
8.70926732791, 10.5440572286
8.49583926923, 10.8402284576
8.37111138739, 10.7068939489
8.84018461393, 10.3481595581
9.01795063831, 11.0641787501
10.3311649867, 10.0967641325
9.69291684521, 10.1826023264
9.5064703488, 9.73440008307
9.11010458588, 10.3671838196
8.85172582401, 10.1431888358
8.75663038895, 11.1049411825
10.074842754, 10.023295757
8.49191268597, 10.8486090664
8.49381071324, 10.418000704
8.4758725013, 10.4514754157
8.22805623328, 9.42555520633
8.64375920059, 10.8230550628
9.10266063895, 11.0222277031
8.10328780841, 10.1044756496
8.75663038895, 10.6600177515
8.41270285713, 10.3201621995
8.62558086702, 10.6471607581
8.94329914733, 11.1407113051
8.82776849567, 10.7250502212
8.76333327911, 10.0902748636
8.54255482302, 10.8201641305
8.97226369107, 10.225356173
8.83534613717, 10.4980166354
8.66938833118, 10.3193353858
9.09444170458, 10.8103977506
8.82940444542, 10.5446854418
8.2292749736, 10.6125021205
8.53832237417, 10.5140350278
8.3970133312, 10.3436377634
10.65281375, 10.0292964815
9.0414118704, 10.5254043718
8.52476320751, 9.82830488909
8.81005136519, 10.5739884725
8.82801713791, 10.5159395115
8.74149920936, 10.4454661201
8.57183066057, 11.0689530451
8.97247272984, 11.1619740936
8.69317108902, 10.8332693625
10.3899234045, 10.3703735448
8.93020971533, 10.4869439682
8.83093882514, 10.9134427947
9.12530373009, 10.9708798111
9.05239195148, 11.061883994
8.80310368561, 10.7111181141
9.52812898401, 11.838470778
9.10707970215, 10.7536101526
9.01612225117, 11.0141498274
8.75656376514, 10.7420025783
8.69552336133, 9.47666609867
8.86900036043, 10.8114134917
8.73637236598, 10.6885888468
8.34086666054, 10.4827779736
8.5452300544, 10.6386800825
8.64363683904, 10.4330457518
8.82359216819, 10.6261078317
8.75152073722, 10.4095941984
8.84122514712, 10.5596223045
8.95933025717, 10.4835123812
9.18842813822, 10.7490843584
8.80117045391, 10.371584297
8.73819273722, 10.5545192677
8.75457528926, 10.3979622443
8.54083023155, 10.1865437776
10.4295990771, 10.2974829559
9.03835907525, 10.9610078997
9.00903171897, 11.1035946121
9.51256041148, 11.2446209649
9.03359142955, 11.2326352609
8.53428253322, 10.5346568476
8.74043909544, 10.9995275654
9.73712480475, 11.8439956789
8.65121177718, 10.9613002169
9.11956913857, 11.0466532198
9.35271212933, 11.5630590777
8.57183066057, 10.827079982
8.79641824923, 10.5189371133
7.90780048509, 10.7245357218
8.31339700869, 11.1819649909
8.58318869179, 11.0247706446
8.55422978613, 10.8745516638
8.5384428447, 10.3907235526
8.97142534545, 10.0348348242
8.61393110165, 10.841678329
9.75322812635, 10.0832360031
8.67256305636, 11.2442074196
8.72361405347, 10.7501508424
10.4855189021, 10.3766006746
8.73342789729, 10.8056385795
8.77144037779, 10.4397704101
8.90597343198, 10.9372337324
9.13833371239, 11.3006191288
8.57486120431, 11.0493969751
9.11898387327, 11.1785329667
8.65730958736, 10.9754635787
8.86494446894, 10.7929141752
8.77067401807, 11.2172439867
8.83297210327, 10.6550260766
9.51856117946, 9.64558319038
8.62465079657, 10.8136970483
8.74080320465, 10.9425117801
8.57583035459, 10.5716618488
9.37125029033, 11.325077617
8.76758145628, 10.9282543534
8.78677500553, 10.3758426741
8.87740029294, 10.2614329764
8.87851255275, 10.8914369118
8.66044053923, 10.6982905587
8.70337472937, 10.4385368086
8.92307632125, 10.5431638471
8.99279267226, 10.5276947018
9.06182794754, 11.8419031423
8.98049467345, 11.2303101813
8.93559746219, 10.3932110091
8.99659033556, 11.1038386479
8.9701952447, 11.029990665
9.8037742293, 11.949470922
8.87676796713, 10.7978873571
9.05768832251, 10.6866395669
8.46869071934, 10.4419088793
8.89610638386, 10.9969480246
8.74647061588, 10.7159152377
8.84068360374, 10.6471746506
9.05336168675, 11.2141582684
8.58910463222, 10.7978219508
8.81006986932, 10.2834258128
9.05536906401, 11.3109146928
8.89417414596, 10.8837625421
8.5656927974, 10.2800758441
8.62664539805, 10.8285453398
9.08029381544, 11.3197629682
9.0194563843, 11.0237001258
10.0605781596, 10.6067973354
8.51796692756, 10.5622197555
10.3045697421, 10.242824983
8.94885569754, 10.7096382946
10.1824705696, 12.3434004315
9.05768832251, 11.1286773775
8.81093136357, 10.8855150581
8.74043909544, 10.7291879605
8.58318869179, 10.2280191452
8.62628247679, 10.5038779619
8.57822505086, 10.9873718749
8.61767409017, 10.4269206932
8.84772130242, 11.1977859278
8.98571547012, 11.0892229333
9.56670257498, 11.2432521919
8.20501708966, 11.1077144908
9.05960305022, 10.8183384181
8.71291003213, 11.0505567244
8.85703732513, 10.8908859297
8.88974056887, 11.0950002903
10.0938031884, 10.151258425
8.92749596171, 11.1556523832
10.0323837674, 10.0618526346
9.09065355637, 10.6498340807
8.87864107545, 10.6726690274
9.78663401052, 9.99590019791
8.37581462236, 9.74597341436
9.24932533474, 11.2938728389
9.12774986585, 11.1955371518
8.61451934709, 10.2956743485
8.45992649241, 10.7169535094
8.83530824618, 10.8305894316
8.37362049878, 10.31583349
8.90677626754, 10.3921665279
8.52892115965, 10.3423060347
8.93208848942, 10.64159518
8.66630998026, 10.6248725969
8.31017457892, 10.0819228595
8.33990794058, 10.1492324269
9.09660728632, 10.5790775544
8.51171771388, 10.9192344859
8.71962734869, 10.6124814472
8.76874895524, 10.703726159
8.62870639132, 10.5348994715
8.4298008338, 10.5389207633
8.79786639678, 10.8948970521
8.62025389867, 10.5311599282
8.82088749263, 10.8834824427
8.55021191665, 10.1139744872
8.99047833581, 9.84041827101
9.61378407426, 11.6671230864
9.9444699734, 11.7192262003
10.4130727285, 12.2342745973
9.28698698164, 10.807148401
8.89417414596, 10.6360726188
8.17362618887, 10.376520814
8.73150227096, 10.3059708159
9.40869389124, 9.61968605461
8.68533500819, 11.0409891561
10.1263363077, 10.2758059289
8.24248189032, 10.0799655062
8.75079725164, 10.8027025329
8.96945777392, 10.4622754512
8.58015509301, 10.6317450485
8.92266768358, 10.4570703185
8.67446220621, 10.8029021478
9.25507549871, 10.924368641
8.64016428467, 10.3241748003
8.69317108902, 10.1595436756
8.4693619063, 10.3143777202
10.1572318727, 10.1097056308
8.78133533523, 11.2211150452
8.35718479665, 10.7962248603
8.5508259648, 10.630547973
8.8908123587, 11.2803482887
9.91696380668, 12.0363818556
9.73258040382, 11.8363037121
9.18481083588, 11.1776941874
9.21108638777, 10.5382973793
9.08712760364, 10.4768407067
8.98502718084, 10.4140918558
8.68192416078, 10.233090396
8.61017837689, 10.3585068645
8.5260810324, 10.638649613
10.2868024976, 9.93177372587
9.40937905644, 9.54948574079
8.69268131932, 9.91970514358
8.55021191665, 10.3873593483
8.47613995345, 10.3406851252
9.40337638851, 11.3228202854
8.60208136377, 10.2688680862
8.50967141443, 10.5716618488
8.7389749716, 10.9450424157
8.16061451394, 10.4638752294
8.86619495681, 10.5581023468
8.80653427704, 10.1838806853
8.55259770511, 9.93743125237
8.89981637306, 10.6408959506
8.73470670939, 10.8978339244
8.50027444442, 10.5434967522
10.1131134368, 10.4071847837
8.83225812178, 10.7814731018
8.59764414878, 10.1642959783
8.40206071025, 10.2979219851
9.37275989592, 9.87159181145
8.69831509869, 10.7672799275
9.9469447234, 9.87640963195
10.4147793138, 10.5603647998
8.78172031205, 10.6331493282
8.46535529372, 10.7324997111
8.42454599337, 10.2751812156
8.5539009067, 11.0067057871
8.66233417207, 10.3545074798
