9.32231014999, 11.4136576157
8.94885569754, 11.2436781868
8.3988927089, 11.1759305296
9.0670546878, 11.7464933612
9.17444091755, 11.7634036292
8.72569251007, 11.657199542
8.5478174943, 11.637547385
9.08225207458, 11.7160618396
9.06463724488, 11.7890966057
8.82142009619, 11.6011168178
9.06921330118, 11.9592128552
8.64673353816, 11.475808076
9.44126367761, 11.5572507227
8.86664579127, 11.6615709006
8.9555815267, 11.7426952218
8.96491440635, 11.8364798134
8.67109188622, 11.4453217408
10.5523155557, 11.1376379341
9.02462024725, 11.5657031646
8.7191245177, 11.7402948814
8.64673353816, 10.8686820154
8.82379505037, 11.3921690459
8.78465465794, 11.5181224192
9.06760287417, 11.6685917586
9.01690849859, 11.3995298445
8.81964666713, 11.4716675817
10.5697764645, 10.67085726
8.98292421887, 11.7969829567
10.4158077785, 10.9236614095
8.89283203734, 11.665058492
9.12229432157, 11.1738860762
8.86109843967, 11.6442708307
8.99245701968, 11.4882212534
8.55002873039, 11.6439316075
8.80334910645, 11.371297981
8.94741217595, 12.0055408032
9.47559783319, 11.5822447961
8.75849832848, 11.9303233123
9.11762861929, 11.6382193404
9.08958470685, 11.4862612295
8.97173207028, 11.8048627235
10.7647740007, 10.855586384
9.11530722748, 11.6483111538
10.8462208619, 11.1177410042
8.97966159146, 11.8226794576
9.05114322658, 11.4141776236
8.94974646481, 11.2488657325
9.21036124551, 11.6978522974
8.89447481422, 11.3113326193
8.99245701968, 11.487701593
8.77144037779, 11.4480085797
8.93688435991, 11.4750409978
8.73377826328, 11.448789441
9.09233470421, 11.5735309328
8.87319294841, 11.893033629
10.7324164877, 11.3495660907
8.79340291994, 10.9865894686
10.1810064842, 10.5809766757
8.98474854452, 11.8976086797
10.8528620075, 11.0412636802
9.34117815624, 11.7306026976
9.04938299092, 11.4049310992
8.90233588485, 11.8554664702
10.9520214195, 11.2235547184
10.7050092249, 11.041729211
9.20262454308, 11.988097629
9.1337564195, 11.5826338749
9.01690849859, 11.7671936707
8.9378784191, 11.764823625
9.01061766722, 11.7215359929
8.97735238504, 11.5386216724
9.16405892278, 11.8380476786
9.19898281981, 11.621149734
8.98671966565, 11.7422163963
8.89858190755, 11.8705167976
9.1625894798, 11.6971255924
8.82031051968, 11.5448167968
9.11258968734, 11.4775024961
8.76977194894, 11.4249369911
9.00734571082, 11.3688608839
8.68971259594, 11.5924094112
8.98161249811, 11.3481584097
8.84103067449, 11.5235546691
9.26410532994, 11.4597420249
9.34466607348, 11.7028247966
8.90412451542, 11.3734195931
9.10210897748, 11.2407004704
8.93532609992, 11.5840657286
8.96372665161, 11.3610539978
9.00912076455, 11.8441007119
8.56872421802, 11.6661411647
9.04897267777, 11.6618570603
9.20752912609, 11.4168819345
8.88604008811, 11.7017780884
9.13224231178, 11.5654315721
8.85172582401, 11.8705810068
9.32615784243, 10.7420321866
8.83544005024, 11.8506472538
8.93570729159, 11.5415578839
8.92393393007, 11.6230138677
8.80899108819, 11.2635741794
8.84272708039, 11.6950367997
8.90070433406, 11.7523597169
9.45933420215, 11.5946938113
9.20689642573, 11.5339408899
9.04432672549, 11.7868334252
8.95072120031, 11.7455309827
8.77833594549, 11.4222152557
8.97072903184, 11.502685797
8.98783865794, 11.6870049151
8.97735238504, 11.516807097
8.64087334543, 11.5577964152
9.06858639002, 11.6685917586
9.44802369724, 11.5502564833
8.92103385801, 11.7948133229
8.9735307684, 11.5929866581
9.26661527164, 11.8097623623
9.09557349685, 11.7854630702
9.03659165653, 11.8073514067
8.97768791249, 11.3879145228
8.98147709705, 11.7897045099
9.01690849859, 11.8467355777
9.02915779189, 12.1921909807
9.20184837065, 11.3848628336
8.82173249822, 11.6700923866
8.9206688927, 11.3217767656
8.98147709705, 11.5932991301
8.54691538992, 11.2935891639
8.92922500859, 11.352753679
8.77915708168, 11.5272244495
9.27030833687, 11.7556600828
9.06819889843, 11.6762077136
8.89485416515, 11.5613747242
9.7561477619, 11.8399632742
9.16593224823, 11.4602988241
8.93020971533, 11.6567961269
9.02131319927, 12.3453225952
9.05157190943, 11.378681658
9.04247306676, 11.6787899259
8.64890900624, 11.7764116285
9.02365010432, 12.0204425303
8.58993081685, 11.9948752008
9.15154986742, 11.9218175923
8.83754404759, 11.7243879912
9.26923967525, 11.1708259288
9.18160877579, 11.3233280571
8.90209050269, 11.7447762849
8.69645050072, 11.6971650648
8.91910995191, 11.6940908639
9.57032985622, 11.5927551981
9.01023951046, 11.6913160175
9.44636078348, 11.7885015769
8.42684276843, 11.6408770431
10.8637314688, 11.1346174748
8.95961892217, 11.6969767998
9.03534239736, 11.6995756783
9.06921330118, 11.7243839632
9.00801212568, 11.6315067427
10.77650005, 10.9810685421
8.62839212991, 11.4640113887
8.68039000787, 11.6975731897
8.74989308583, 10.4707443356
8.94318320385, 11.7260957757
9.048374281, 11.59834658
10.6118098573, 10.6296037656
11.0295251378, 9.19550698507
8.89858190755, 11.9404952132
8.99682197113, 11.653713876
8.9581517761, 11.5308360744
9.10434455274, 11.6599367556
9.07616203188, 11.7332307834
8.87319294841, 11.9180745596
8.82244773964, 11.8472223496
8.82173249822, 11.479815802
8.64366816883, 11.6686893215
9.1093386931, 11.8054910154
8.95978235691, 11.7005170591
8.96445916087, 11.6008652947
9.01671832648, 11.6126656919
8.67109188622, 11.6731217994
9.10433081331, 11.7194205695
8.88604008811, 11.3383780044
10.4051454183, 11.1714199783
9.59778864063, 12.0086261745
9.29538915262, 11.4585156042
9.15287362116, 11.8252745071
9.05981520371, 11.5716660861
8.96831280086, 11.7806544809
9.01671832648, 11.6032799027
9.79651009221, 11.8988682574
8.52112606704, 11.5127716651
9.42974351589, 11.4549829
8.76220741542, 11.5685491244
8.82031051968, 11.7954226454
9.21535478656, 11.5789741259
9.25287860357, 11.7310377245
9.05222802067, 11.6433970952
9.09725871676, 11.5970675286
8.86900036043, 11.3630622042
9.14025089537, 12.0697866425
8.82917711488, 11.5893747474
9.05617249949, 11.5479409039
8.99559233146, 11.3929183524
8.70407056497, 11.2019529668
8.70942546588, 11.5867198643
10.505077342, 10.9490958779
8.73579788178, 11.3249735009
9.28194670836, 10.8662099913
8.49131450588, 11.8710598621
8.86701457611, 11.2067589664
8.98637012098, 11.647255134
8.95812559963, 11.947051324
8.69645011836, 11.3015004234
9.17455946362, 11.7555778102
9.13837804491, 11.53339668
8.78586262464, 11.6516788007
8.44973931808, 11.5553637025
10.2788323977, 10.5087004972
9.07091063944, 11.8021809272
9.08792872333, 11.5223953022
9.23848475198, 12.0297180337
9.05043851094, 11.9439065255
8.9190183622, 11.4346833602
8.98380970699, 11.5240288396
8.71534327458, 11.3903952176
9.06632495345, 11.4399653924
9.21109370382, 11.5210461221
8.80363859344, 11.8531953002
9.00485221173, 11.5207255662
8.89381262403, 11.660153572
8.75314268325, 11.3905325834
9.2406155302, 11.6665010841
8.89463022641, 11.2082993418
8.88228270083, 11.4942937688
8.78968513924, 11.7585774724
8.75975626402, 11.7585774724
8.96985251338, 11.3396580021
9.32830692759, 11.6616550032
8.97694488307, 11.4632458923
8.94530502605, 11.5819915389
9.00747071041, 11.6829442855
8.81182506655, 11.6079352635
9.11636279957, 11.7386488982
8.91693630662, 11.6906130042
8.9761941098, 11.6075171067
8.70084994121, 11.7009568319
9.10248798557, 11.7459583473
8.75165991919, 11.7777863934
8.87936011909, 11.4934606804
9.70167245795, 11.911766414
9.24182813621, 11.585198168
8.99217497341, 11.7606767169
8.89766954448, 11.8441314107
8.80240943272, 11.6879278772
9.09680222831, 11.7254155241
9.3882949073, 11.6365375088
9.17994152813, 11.327856964
9.14399479967, 11.5464655579
9.11896444813, 11.7465351412
8.76610436795, 11.3965826795
8.95821309732, 11.3232703599
8.90279957716, 11.6538998492
8.84327703272, 11.748450963
9.27158692681, 11.9297403131
9.2483742052, 11.624083396
8.92268462913, 11.8977302049
8.97853048389, 11.8500110565
9.06299559412, 11.5174694706
8.72374023228, 11.4866496113
9.2619026966, 11.6218027717
