8.99160630458, 11.0402402815
8.87939421438, 11.3125995285
9.36968092621, 11.5932991301
8.81283932246, 11.3097738076
9.09265894936, 10.8828214197
9.00638264425, 11.4870256167
8.77144037779, 11.1406421186
8.99708961726, 11.1978840755
8.58687465866, 11.1482310379
8.96166580371, 11.60920577
9.06799124407, 11.3738960721
9.32688115979, 11.5565396029
9.10577223262, 11.2805987814
9.05904031958, 11.540904032
9.07570187577, 11.3495686758
8.90055261268, 11.1996420547
8.79378760956, 11.1870356804
9.4468295821, 11.2033912171
8.90021380407, 11.1361825456
8.80715568595, 11.2123887703
8.88126679658, 11.3144779562
8.79507229731, 11.1075865258
8.73535902914, 10.9776378852
8.93204975539, 10.9055720623
8.94124706193, 11.1412877435
9.16734367915, 11.4514628991
8.82835477088, 11.3232211295
8.92659860042, 11.3976959875
10.3722622844, 10.5085964582
9.08883309662, 10.9810685421
9.52409317226, 10.9834229206
9.26315415827, 11.2483955252
9.13413045619, 11.532134831
9.36893670177, 11.4526855868
8.90021380407, 11.0903359245
9.21079259933, 11.4290740429
9.6396613165, 10.9026075242
9.08716744003, 11.1474650204
9.19068909253, 11.6244985809
9.24451180488, 11.1391352657
9.07533990946, 11.3981575166
8.97695951689, 11.2601823528
8.76443209699, 11.1209571226
8.96559315229, 11.3897052985
8.94486433657, 11.1618708361
9.44049104622, 11.1801836727
8.93570729159, 11.5437731897
9.16012947012, 11.0571714669
9.09557926027, 11.216613439
9.18713518241, 11.1397013371
8.8587160868, 11.3174704548
9.34416388517, 11.3928919346
9.35729748301, 11.1085466481
9.22781568673, 11.079088224
8.86955030786, 10.8745841683
9.04066147943, 11.4563682344
9.28409844441, 11.2899246027
9.50613209505, 11.099361282
8.89389185008, 11.1426245802
9.13268109941, 11.3455495218
9.17347745436, 11.327604004
9.0546379304, 11.2178271024
9.06948632097, 11.2468782296
8.94868230126, 11.603472245
8.7516412889, 11.1909187554
8.99443234494, 11.3567814055
9.01867501043, 11.2969158595
8.78538484215, 11.5770567271
8.86852923807, 11.3812185747
9.0114977798, 11.4307113139
9.09652988504, 11.6888478954
9.2919380815, 11.4100703584
9.05679927169, 11.2636512184
8.71330187575, 11.216928375
9.24314743284, 11.4444906846
8.89042711712, 11.3631582419
8.67996552088, 10.952604518
9.08712760364, 11.101971482
9.01585458186, 10.9704427209
9.10878471112, 11.1245929511
8.71515768927, 11.0115624152
9.13267899008, 11.2219351918
8.96742306341, 11.1045181681
9.01396635734, 10.9160629764
9.31303867093, 11.3163004605
9.14919580007, 11.1985670291
9.04367062284, 11.1723880046
9.5734805243, 11.6368065754
9.02293496081, 11.1453829427
9.06574265151, 11.3197329695
8.83432581376, 11.4984809486
9.36006130429, 11.6897739472
9.07167232847, 11.6599312059
8.58492341002, 11.3356446973
9.26315415827, 11.0152924696
8.84032731669, 11.148913475
9.3490287388, 11.1841310329
8.84519211826, 10.9186026014
8.81367898826, 11.658606334
8.78309192594, 11.2623721492
8.93881519866, 11.1169556488
9.22767030905, 11.384357048
8.85276487582, 11.3246406524
9.54459790139, 11.6756568804
8.88123130403, 11.4465472217
9.07172152635, 11.3342536643
9.83594406054, 11.1547545963
9.3224978201, 11.1773683968
8.81283932246, 11.4405716919
9.24726399173, 11.3791379054
9.0226597538, 11.3611000793
8.77254394973, 11.2558308867
8.94517184428, 11.5384794209
9.16215812156, 11.6192083822
8.67789538321, 11.2282378002
9.06493804935, 11.5032888487
8.70616495874, 11.3598953516
8.67123333202, 11.4221786942
9.10373516017, 11.7790388825
8.9041953169, 11.4079014911
8.89633867136, 11.4108469946
9.10878471112, 11.7913834756
9.20506790358, 11.3689945538
8.88908412606, 11.2837381585
8.71497416414, 11.130535632
9.02466949039, 11.1396155379
9.21914253189, 11.2545218197
9.0703719394, 11.5492124711
9.08246189725, 11.66912341
9.14399479967, 11.1870668674
9.08027764224, 11.3518895391
9.22946399067, 11.3300279737
9.08201050241, 11.2165699956
9.4147682965, 11.3973349903
8.99956314234, 11.067642495
9.28434833602, 10.896424151
8.46765245198, 11.0992181013
8.99781956181, 11.6041286563
8.90535670361, 10.9580473223
8.86955030786, 11.3617528885
8.98330904213, 11.2983058537
9.16446408099, 11.3421770624
9.05357146515, 11.122521898
8.75520989453, 11.1941825033
8.90377748769, 10.776606505
8.78133533523, 11.3522512991
8.94644130595, 11.2417263185
8.99780117329, 11.3030192461
8.66874169475, 11.5804494714
9.378120432, 11.3543661577
9.00989557248, 11.0353241452
9.47815687682, 11.4112757591
8.8887998214, 11.2275734489
9.06414224037, 11.071906663
8.98270250503, 11.4173463134
8.7587824809, 11.5413404544
8.87555236613, 11.2185431414
8.87178113491, 11.5413404544
8.60154742369, 11.1803024072
8.99522040917, 11.4450008873
9.02184906182, 11.0719686534
9.20162422447, 11.5609393863
9.03880830162, 11.6625574962
9.12111942438, 11.2897564823
8.95582702326, 11.2568713483
9.2043075063, 11.1936879413
8.60497944761, 11.3087694327
8.9363039795, 11.4209260399
8.69645050072, 11.0799230203
9.04938299092, 11.8096150429
8.78104052849, 11.2421428229
9.42752788312, 11.2728996628
8.99095441049, 11.4789544132
9.03196888852, 11.2978580794
8.76488513687, 11.5408489566
9.06123648668, 11.7193244789
8.80523255326, 11.2061678513
8.91714466722, 11.3309773716
9.06607713744, 11.3624245865
9.01157387185, 11.4733813131
9.17131049542, 11.2033739295
8.92465606065, 11.0417804591
10.3295004371, 10.6617516425
9.34237151672, 11.52776685
8.7529045192, 11.8900961381
8.99780117329, 11.6149677611
9.21560065811, 11.0776259695
8.71796193248, 11.4999938275
8.60051513268, 11.0606762999
9.63586980503, 11.5594124076
8.8774622351, 11.2978976135
9.56770167297, 11.2731664179
8.6112168165, 11.1550270003
8.97019624767, 11.2172369238
8.97966159146, 11.3782113835
8.91714466722, 11.197769351
8.8066089765, 11.1617108365
9.04692326772, 11.0767142492
8.88279970167, 10.9192216242
8.89123902363, 11.323143109
8.89875589711, 10.5424557009
8.97124276838, 11.0635817777
8.95331879873, 11.2652538328
9.13707508031, 11.0262514116
8.83946271177, 11.4282037
9.18086421247, 11.3355940988
9.47935956124, 11.0292825945
9.4519311304, 11.2210357879
8.86434093817, 11.4541005021
9.62664539805, 11.2995131358
9.15993943177, 11.1621205667
8.68008629602, 11.398340404
8.85550788132, 11.1803024072
9.49624784467, 11.3315454357
9.03078613673, 11.1950733341
9.24918836781, 11.7227895094
9.1821472024, 11.4780512295
8.76962431626, 11.0475890143
9.22645695986, 11.3493963404
9.03202789045, 11.1359719332
8.97293223717, 11.2579445454
8.85172582401, 11.3333563884
9.45697468471, 11.2151371131
8.69235131952, 11.2823961626
9.26933397636, 11.3344415239
8.95331879873, 11.0539109336
9.04602978157, 11.2873958116
8.83144264152, 11.3296680544
9.08512741011, 11.4591521091
8.3736553203, 11.2057274002
9.20795762511, 10.9770296516
8.82549673199, 11.5571166725
9.06770012331, 11.232945286
9.12805328446, 11.3645696161
8.88460176523, 11.1731005238
9.34769342574, 11.165875991
9.12756784477, 11.4096488359
8.90736921219, 10.9671432102
9.25034679224, 11.0398599378
9.14143218864, 11.1850237337
9.23755074679, 11.288580953
9.17186040605, 11.1867019077
8.89389185008, 11.3181291663
9.09233470421, 11.2040292533
8.96783353279, 11.0554027074
9.01204322464, 10.9650466591
9.10248798557, 11.1884215657
9.03722584416, 11.2099952145
8.85806565964, 11.0173672752
9.89117035351, 11.1173317041
9.15560562363, 11.0208672114
8.96679785315, 11.2504753096
9.10702447546, 11.3671585256
9.24451180488, 11.3879108529
8.67632754515, 11.514765903
9.45741045933, 11.3674654996
9.29084108086, 11.359761805
9.16802837944, 11.2774516138
8.78138171682, 11.2892596739
8.98972997397, 11.235102131
8.95162991162, 10.936904654
8.9989891358, 11.3186799381
8.96742306341, 11.6451445709
8.95819409722, 11.0259649184
8.90978157887, 11.6607591246
8.69676925749, 11.3536096843
8.94885569754, 11.3122726837
8.99323210335, 11.335186895
9.04132159376, 11.2156002998
8.96882735847, 11.2213048154
