10.5193566772, 10.1705109874
11.2415003386, 9.50352359779
11.7386259667, 9.12450571786
11.1629902331, 8.83463956224
10.6941527997, 10.340611241
11.0966839165, 8.75718240751
11.2238200501, 8.94390877539
11.0775511039, 8.91923025328
10.7433274494, 10.0447575958
11.4086927653, 8.80039499628
10.9010880653, 8.82803818726
11.0266690883, 9.11003301588
11.3619335853, 11.2115505708
11.1174830342, 8.9638083412
11.1164512678, 8.76947533814
10.9891928437, 8.60208136377
10.9854087766, 9.04356166599
10.9570916898, 9.27077931703
11.2810574389, 9.32057767601
10.8254675124, 8.97070690445
12.0852959793, 9.31864974196
10.8178796409, 10.1635335371
10.4422362851, 10.4469154277
10.3182955784, 10.5551959657
11.0027383439, 10.4809580324
11.2040741603, 8.70511203309
11.4348173886, 9.22814813736
11.0984550841, 9.15061554194
10.9323232884, 9.09557349685
11.1990096725, 10.3053932167
10.9698599013, 10.3358199123
11.0121054156, 9.18600943955
11.2380811951, 9.27679212353
11.0602564658, 8.73148305486
11.0427610252, 9.39072715054
10.9730630625, 9.28839420998
10.9153685453, 9.32822047223
10.8544513156, 8.96528154759
11.3407663353, 8.57944551366
10.8675808854, 9.38757186166
10.9497724814, 9.26656770761
10.7625473773, 9.16415078071
11.1232116599, 8.88191251172
11.1171754444, 9.22182067463
10.8318045134, 10.504379679
11.2411417299, 9.34613220499
11.4867815345, 8.91328366963
11.1911899619, 9.39867388064
11.0015463339, 9.98441520513
10.9827384649, 9.37549167672
10.9965784909, 10.2928091121
10.777355535, 10.2057773885
10.8761431873, 9.23906290587
11.0119752156, 10.4788673335
10.9258154891, 9.21020701525
10.9212102775, 9.26333260394
11.3673637546, 9.67235304241
11.2986658078, 9.55758327693
10.742186633, 9.02329559545
10.9082538813, 9.32628733248
10.8858485155, 9.52802481571
11.1263299924, 9.37308552174
11.2021380949, 9.20923592308
10.751375341, 10.1660137088
11.3317648435, 9.23973045532
10.8678256516, 9.16296454351
10.9949579823, 9.16180823994
11.2089756369, 9.01579389633
11.3572425852, 9.26923967525
11.0364621738, 8.95278388362
11.7949925344, 8.9825071442
10.7607217655, 10.2889204455
11.1503296775, 9.11265457136
10.9788038433, 8.94390877539
11.0947056248, 9.49525278523
10.8470631693, 8.68138538816
10.9407638701, 9.43992601319
11.1712066636, 9.59632396641
11.3675353188, 9.41609573151
10.888048488, 10.1480867569
11.2054566683, 9.47665808425
11.2765741501, 9.10675591552
10.5690261943, 10.9018389682
10.9716766281, 9.21641572795
10.8686801865, 9.70813143514
10.3892534885, 10.2691795073
11.165526129, 9.6103868358
10.7577635721, 10.2399907325
10.8991159985, 9.22522435806
11.2346029355, 9.00485221173
11.1890871726, 8.91776524712
11.261052842, 9.03527698107
11.3956364219, 8.93932308643
11.3356020436, 8.73854621155
11.2346905608, 9.31383670486
10.7542443153, 10.386658192
11.6367504532, 11.5886688561
11.1445500985, 9.07518655733
11.362196543, 8.60658752861
11.6422547276, 9.31762829221
11.221972115, 9.18941601336
10.6918440347, 8.91945327756
10.9117498717, 8.99473216433
11.3934049019, 9.12060310529
11.2787409059, 8.99210184962
11.1604290282, 9.03993597999
10.9979073342, 9.52620100106
11.1776285163, 10.0927958246
11.0192915403, 9.24549122985
10.8162595722, 9.07225264306
11.6200852287, 8.86568064705
10.9334458925, 9.1107187611
10.9564203378, 10.6006942676
10.9628277103, 8.84152050637
10.8257152612, 8.90527928386
10.9524260654, 8.91108505341
11.3640869778, 8.802040015
11.2954062146, 9.52616832034
10.7159216793, 10.6840600042
10.8307566918, 8.90142036236
10.9555232391, 8.9825071442
10.9862952975, 8.90788423652
11.2092662156, 8.94390877539
11.0463548245, 9.20737327656
11.0193392966, 9.05622975371
10.918760532, 10.3001779745
10.9135197533, 10.4810995233
11.8405761323, 9.47456214689
11.0850481701, 9.15490659403
11.113834131, 9.22158251176
10.9908263549, 10.5119032557
11.1786833606, 9.16174103715
10.7988592385, 9.42916453782
10.9290195574, 9.41893658324
10.9620223613, 9.08824064618
11.046003191, 9.38305991102
11.0099638609, 10.5111865338
10.8523651863, 10.603143323
10.5870270464, 10.2348886417
11.3489625686, 9.0621784059
11.2433903344, 9.18941601336
11.0292805789, 10.9792741837
10.733395303, 10.1973993843
10.6497436568, 10.3570041369
10.882155783, 8.97966159146
11.4465534931, 9.5586691019
10.9805138896, 8.93959742542
11.2962964469, 8.90788423652
11.2544359529, 8.67331892828
10.8761431873, 9.21919042335
11.0834493115, 9.30294038531
11.4630110158, 9.01396227631
11.0374857175, 9.03722910581
10.9360105444, 9.123148592
11.0476786857, 9.30149968236
11.2313856737, 8.90233588485
10.9679302556, 9.20075954725
10.7046460804, 8.97535941244
10.9564652259, 8.95266006662
11.0658990653, 9.03993597999
10.6215460458, 10.2229956064
12.3406505331, 9.92853184356
11.1529968017, 8.77914537786
10.3772492776, 11.1314846215
11.1498509801, 9.74165493602
10.9491731117, 9.44940640717
10.8378468465, 9.20911557276
10.6799712681, 10.5697920956
10.9924349758, 9.22046960733
10.9258301554, 10.940987307
11.1093233686, 8.9632433515
10.4548092283, 10.505496359
11.185554897, 8.87203164329
11.1011617623, 9.01023951046
11.1665177993, 9.30910861861
11.3005842812, 8.94329914733
10.9848728346, 9.04023654151
11.0600607339, 9.08824064618
11.3446359452, 9.15153733099
10.8321722998, 9.08513476641
10.7088210762, 10.3617813447
10.9580971776, 9.48535265754
11.3005842812, 9.47559674326
10.9192551687, 8.88165718306
11.4775024961, 8.97070690445
11.2903618732, 8.7890865614
10.8654598243, 9.336446321
11.0242421183, 8.78364943548
10.7206160635, 10.3188830536
10.9804479129, 8.97042929109
11.0474320178, 10.3615018662
11.1018805068, 9.41043649879
10.8979916149, 9.15238852042
11.1045894783, 9.38514258371
10.8356600929, 9.66111959824
10.8146747775, 9.37549167672
10.7854182656, 9.97252462313
10.7565138914, 9.05330210895
11.2478531742, 9.46749191894
11.0166767813, 9.24309400353
10.8619503119, 9.95976403199
10.9726952616, 9.22646364275
10.9272444775, 9.2860582544
10.9068683769, 10.3411980256
10.7631983396, 8.97262804294
11.0718464327, 9.35067336572
11.2909249333, 9.39995964053
11.9248745761, 11.8211675778
11.796303532, 9.53232287259
11.7453353763, 11.5820372924
10.9726952616, 9.24038349565
10.5629155043, 9.12033001525
10.9827384649, 9.5043545419
10.9505150372, 9.54955193909
10.620744463, 9.05981639084
11.0404857771, 8.73372410275
10.7134090913, 10.1672148203
10.8393296651, 9.44380128232
11.1660609088, 8.99959141878
10.874491758, 9.1137885757
10.8328876401, 8.95114503771
11.0663818342, 9.29836498692
11.031915338, 10.3186359186
11.0514667144, 10.2784118662
11.0587077348, 9.74546710623
11.3113578162, 9.28622742649
11.1921713357, 8.95811541176
10.7724126962, 9.11767567034
10.8464144273, 10.7293217136
11.0487527295, 9.10266626454
10.7731177538, 10.1672567901
11.4135258657, 9.17186040605
12.367789232, 9.54786191965
11.8621735495, 9.18160770091
11.2325649264, 8.81884431728
11.1092673522, 9.32932300688
10.8881728957, 10.6090310887
10.9052930247, 9.17744937339
11.0703599366, 9.07713805341
11.1061926787, 8.88273394783
10.6050871169, 10.256092679
10.9380593911, 8.7104052309
10.9054093747, 9.54050929734
11.1416489786, 9.1668809822
11.1143688635, 9.03259480318
10.6090705135, 9.04360513115
10.8023884982, 10.5233685509
10.9916733386, 9.25390647081
10.6118098573, 10.1235060491
10.8204949495, 9.28624426715
10.9024479667, 9.34298044957
10.8517448168, 8.80273706762
10.7489935972, 9.1442598648
10.8420760346, 9.38673351114
10.9195538118, 9.15563536131
10.8649340336, 9.44506870749
11.1697704992, 9.03945379263
10.9395433165, 9.26466301347
11.0723916476, 8.99013800878
11.1297660273, 9.29930863533
11.0845881193, 9.17554182734
10.9685320036, 9.61506385852
11.1982807134, 9.20258945837
11.0851104584, 8.95812309644
11.3020299559, 8.68558422107
10.6600223509, 9.02060071843
11.1358141622, 9.29645813112
10.935271871, 9.27624019627
11.0976568687, 9.15595784512
11.0638912153, 9.26631713505
