9.39520533976, 11.356846825
9.64431868979, 11.5531464182
10.723375472, 12.6448115606
11.5977570731, 11.6527966703
9.86435952183, 11.33200682
10.0799294423, 12.1863460128
11.5732424289, 11.4597420249
9.58059734595, 11.989746638
10.2419920071, 12.164188465
10.1176768924, 12.5584278262
9.65766709708, 12.1096371018
9.76726761891, 12.1932124179
10.4601098207, 12.6176483887
9.77030698591, 12.2552345741
9.90630546615, 12.0172422335
10.1647000106, 12.1857997875
10.1035767652, 12.1586906263
9.88903935416, 11.5367816288
9.55334958464, 10.6638126839
9.46897135224, 11.8900961381
11.306737561, 12.8841112744
9.40825401091, 11.5452121085
9.47327715115, 11.580681481
9.9160136976, 11.7049674569
9.58656776757, 11.5330763439
10.1490669881, 12.174041564
10.3009597729, 12.1526665221
9.82601088796, 12.1069708156
9.83050792638, 11.3171246714
9.6354112404, 10.2353095913
9.81735222037, 11.6712154707
9.72280086444, 11.9263580035
11.7499722024, 11.3549457306
9.62099757513, 12.0222814323
9.86238764314, 10.9714551037
9.33194652191, 10.9830571657
8.7654139712, 10.8526339266
9.33717421021, 11.0826911076
10.1499509885, 12.4481869507
9.52370768725, 10.6713043202
9.95649728074, 11.1786833606
9.51947313978, 11.2945566968
10.1176768924, 12.3624222354
10.0836720923, 11.7599245054
9.97020022254, 12.0930864551
9.65020455817, 11.371869738
9.89975559629, 12.566893836
9.56818709756, 11.6850923312
9.65853282039, 11.5485337562
9.88521916183, 11.164899919
9.57342356559, 11.7234666117
9.97401228831, 11.5649870221
9.85903244217, 12.1189856848
9.91814516656, 11.7020977911
9.42979171892, 11.1684701386
9.41936590914, 11.8006761414
9.83477647799, 10.858468372
9.85731056572, 10.1250281584
9.68242049011, 11.5231428969
9.21238563684, 11.1857047707
9.61404613493, 9.95386648045
11.1950908704, 11.0031598297
9.86223405468, 11.9566226164
9.54055952587, 11.4371406274
9.62802197997, 11.9858379701
9.40888227299, 10.9160620041
9.97147796517, 12.0533659748
9.99000903722, 12.4520450366
10.243806629, 12.4779209203
9.75779264948, 12.2791588782
10.5017663878, 12.5442966285
9.95793398962, 12.2151424419
9.91970514358, 12.1832640442
9.88137266072, 12.4915116081
9.3163852253, 11.4552546399
10.0224437194, 12.195710042
9.98712394628, 11.8726276276
10.0392146475, 11.02046031
9.99701679218, 11.0353970196
9.96858650386, 11.6974470123
10.0808918079, 11.8054363471
9.73015012563, 11.6599828352
9.46712545692, 11.6068712764
9.24544997872, 11.109474875
9.8799618687, 11.6460115823
9.62802197997, 11.1685635875
9.62802197997, 11.3493963404
9.49636005779, 11.5558923325
9.63001110337, 11.4249369911
10.2944579309, 12.4785113897
9.79612342336, 12.059625696
9.66994537059, 12.3466884585
10.2487958627, 12.5429900172
9.83368956481, 12.3802797436
9.86010043598, 11.6579465608
10.0374833447, 11.7499722024
11.2761221378, 12.804486423
9.9312017395, 12.0787390818
9.924444446, 12.2486733314
10.7135827644, 12.4317742805
10.0912808573, 11.5229506671
9.65296411455, 12.1181091732
9.40213841105, 11.6747256587
9.71455833583, 12.0020045612
9.77946178023, 12.3354515816
10.1096682501, 12.2905938176
10.0382305845, 11.733658861
10.0268804572, 11.4373266674
9.94268770977, 12.0611603644
9.6639151644, 12.1984678633
10.3095775321, 12.1485876217
9.36141387916, 12.1132565549
10.2686920667, 12.3839349818
9.5645790873, 12.0170878085
9.63215815536, 11.2660087775
9.97753808918, 12.236922789
9.96121836524, 12.26170937
9.64674271266, 12.0014055782
9.84632509617, 12.2568904361
9.36980536379, 12.0878126095
9.76828663174, 12.0787390818
9.66994537059, 12.1261847048
9.56782926907, 11.1616682917
9.45280880017, 10.8976965788
9.61649418615, 11.7562602323
9.4117973943, 11.4977980558
9.32841633722, 11.2513152141
10.5097097521, 12.4291934068
9.93441433801, 11.6558556751
9.3224978201, 11.0618916469
9.81518089752, 11.6014387169
9.18481083588, 11.6116459828
9.19257143341, 11.6081827106
9.27830216256, 10.6017218306
9.81226735679, 11.417776064
9.93972143457, 11.0989248542
10.4080410122, 12.6311263312
9.80342621367, 12.2202434806
9.93418328683, 11.5612531472
9.93469143406, 12.1240756568
10.5111206889, 12.5245162279
9.6814437538, 12.3181899811
9.94390111338, 11.806926299
10.2844746634, 12.1011983131
9.92294079869, 11.705908783
10.4704314568, 12.4433391734
9.73503622273, 12.2994206688
10.0537038702, 12.5189107717
9.9160136976, 12.3786181819
10.0170199604, 12.032797247
9.43600037833, 11.8015130479
9.92293505764, 12.3180203281
9.46399449735, 12.1216262074
9.61280685024, 10.9681111811
11.0862561077, 10.7800334833
10.1221022555, 12.4528861763
12.0027771174, 8.80577762102
9.89125750826, 12.1617644234
11.2335840406, 10.8509353547
9.73503622273, 12.2081448181
9.66613934055, 11.6004469545
11.5398002315, 12.8510930064
10.0011308522, 12.1056995776
9.07245532228, 11.6886051944
9.37342728792, 11.430969144
9.42128491485, 10.8885284325
9.58059734595, 11.5292622651
9.99304885867, 12.3843487076
9.42905220413, 11.2437071981
9.74637185531, 12.2889303794
9.731451527, 12.1126856865
10.3651833478, 12.1615896712
9.5628516255, 12.0509435377
9.73712480475, 12.2223190948
9.67816949937, 12.0388165504
9.5353142065, 12.2575974758
9.70236563402, 12.0652259326
11.5914458767, 11.4942291869
10.1589882528, 12.3270237872
9.60954942602, 12.1557857441
10.3130745348, 11.7062645898
10.1795021708, 11.2540584443
9.62281389733, 11.3360294774
8.94885569754, 10.7908369271
10.264891642, 12.5194818888
9.80376134569, 12.4087429103
9.2043075063, 11.0289171522
12.1133451975, 11.5359506489
10.0401595783, 11.3604353121
9.13911386371, 11.389756618
9.52420780607, 11.6241890413
9.50870767911, 10.4782292159
9.69902087249, 11.2783004733
9.76950606248, 11.6022280011
9.19766431659, 10.5792317202
9.23629660975, 11.1668140788
9.11826486788, 11.4218145671
9.53150967401, 11.8342159764
9.65858760062, 11.1851654317
10.1101558058, 12.0158086952
9.51852519414, 11.321479697
9.69074518164, 11.6661167352
9.85628471, 11.2646017427
9.90832564925, 11.6626038571
11.5302773929, 11.1596087797
9.48313831679, 10.7303135432
9.34128573349, 11.7907673879
11.049264047, 12.7493407635
12.4818698791, 12.0440982508
11.4139037454, 12.7867340326
10.0894344542, 11.5249828113
9.9160136976, 11.8579925537
9.45218825151, 11.4012445972
9.64865201339, 10.3571400625
9.70662067698, 11.0433500549
9.6648570337, 12.1240756568
9.48431257894, 11.9155281756
9.19438156616, 10.7330468324
9.768368826, 11.4197407507
9.42128491485, 10.9430403716
9.18639503101, 11.1114444864
9.77981697511, 11.3274793754
9.64206847482, 10.9228684679
9.84035063103, 11.3351910897
9.44665323337, 10.5316517394
9.47055753503, 11.2160510518
9.60916500394, 10.8098479363
9.54735241586, 11.4668952086
10.145911472, 12.5090087639
9.58176059631, 11.6975028316
9.8230690643, 11.5467904908
10.1293828213, 12.2277635463
11.4461080785, 12.9498641185
10.5977064471, 12.4983329963
10.2926560157, 12.5205264923
9.47935956124, 11.263785672
9.76499487693, 11.3109146928
8.35249237723, 11.9524531658
9.52486572678, 11.3609045466
9.7608857436, 11.3810205562
9.49508971674, 11.53339668
9.48056875125, 11.6411586722
9.07710359086, 10.8470631693
9.59169265133, 10.8127677905
9.52420780607, 11.2019086122
9.17447289051, 11.1991166189
10.4714849454, 12.0603719955
9.42645731527, 11.0891723271
9.84035063103, 11.4775024961
9.85628471, 11.2404226818
9.31363326784, 11.2562547331
11.1381742413, 10.5977064471
9.47682523809, 11.0582464565
9.63165022502, 11.2164332602
9.60038964396, 11.7456399643
9.34637855108, 10.7319751574
9.56637425342, 10.9448045736
9.78334516059, 11.1801980254
9.36365308751, 11.7002192675
9.32986717878, 11.0715192462
9.52745520436, 10.9976516992
9.25837432855, 11.2160114578
10.0104917668, 11.4842975052
9.53026277456, 10.9425117801
9.97522147833, 12.0016344833
9.41936590914, 11.595872767
9.78334516059, 11.8035384903
9.60302648181, 11.1841310329
9.99701679218, 12.1299869617
9.12789107052, 10.7016993861
