9.5328572268, 9.89496466458
9.15576759697, 9.80291687631
9.32462848922, 10.5644952013
8.99978354621, 10.3108302421
9.53686656688, 10.018173962
9.07054094145, 10.1643302219
9.1303405739, 10.2164833065
9.26852071085, 10.4186820653
9.39824740942, 9.96278739691
9.17021045155, 10.3701259906
9.08110942625, 10.272223483
9.10913141992, 10.0777191374
9.31836142008, 10.4727175717
9.12885665016, 10.1191509841
9.88496226037, 9.58322175588
9.16142906682, 9.9424417957
9.04413569571, 10.2272431544
9.73404278574, 9.59621939595
9.72056029397, 9.26432874657
9.35307391741, 10.3918798949
9.54983472306, 11.0107622732
9.04429268946, 10.150395239
9.40663865451, 10.2620412073
9.58103276884, 10.1763032468
9.53253809733, 9.90816893327
9.18734992226, 9.74641211015
9.16990817463, 10.2260774684
9.3142824426, 10.1887138891
9.43139537453, 9.81219375607
9.7681480213, 9.85309244718
9.53128410091, 9.79569210981
9.45234424262, 10.0950404906
9.421571862, 10.1516385201
9.22956046036, 10.2752305801
9.55500941671, 9.74939326909
9.26603546026, 9.45674906609
9.51194937879, 9.71198902232
9.21474184035, 9.67994640028
9.04251497757, 10.276858689
9.66878738954, 9.55466299243
9.51306785411, 10.0133493897
8.66168161327, 9.58709758291
9.24918362029, 10.0704958085
9.45155462196, 10.2255308346
9.23945051, 10.1038442603
9.30915987795, 10.3071175923
9.16760053375, 10.0796302267
9.55075793056, 9.94278337926
9.49242584751, 10.1027420667
9.22420461842, 9.83321129109
9.41536144419, 10.1959160754
9.29334678915, 10.0227569406
9.53207277285, 9.62017587635
9.27843566219, 9.82838371233
9.30776151803, 9.5394450032
9.18156706548, 10.2914385176
9.75483380284, 9.40562289625
10.3922954044, 9.90548277198
9.12621322995, 9.44609138881
8.76713264835, 9.67562039439
9.77031223598, 9.60935375048
9.48555215717, 10.4223591734
9.23672328397, 9.55448687339
9.40552414899, 9.88406416091
9.18885751597, 9.76614432495
9.07415266217, 9.71674677422
9.14178833909, 10.2342021613
9.26858267418, 10.1731377213
9.27869317756, 10.2260332883
9.10924273766, 10.1246436354
9.25420136532, 10.4556639334
9.36556185285, 10.1329769549
9.1776554191, 10.2981019527
10.0085514908, 9.44194245559
9.59373633762, 9.65413412477
8.89711662536, 10.0792280005
9.1468178253, 10.1771067138
9.41850728499, 9.98429476876
9.2705632479, 10.0052691943
9.35425046361, 10.0009117896
9.07576385781, 9.81446884789
9.21704174912, 10.20991683
9.62634231357, 9.64548822143
9.38391133116, 9.90669734058
9.91088107298, 10.1910077478
9.40279279003, 9.8050518598
9.44100554419, 10.1538725554
9.46523993232, 10.0712570669
9.11201513643, 10.0443054622
9.25375938428, 10.2789145735
10.2055482497, 9.92000672944
9.0831778265, 10.364326348
9.14609300093, 10.4900253627
9.04514627814, 10.3875923585
9.31254228457, 10.191528036
9.35897698125, 10.087341114
10.0702744785, 11.1630978398
9.20116297291, 10.2336672922
8.88080589378, 10.062535453
9.26392128487, 10.6731773641
9.41143892004, 9.99917799284
9.02363597106, 9.93646125577
9.77995585944, 10.2288050994
9.85086137729, 10.0733579886
9.2123245098, 10.2028224684
9.25275107099, 9.90491376667
10.2031612014, 10.2524863696
9.80284119635, 10.0948375475
10.4116647911, 9.91306568574
9.05983445855, 9.74748589895
9.14943115224, 10.1511485545
9.29209886041, 9.92434483435
9.11165303494, 10.2811052256
9.30363555904, 10.0028162283
9.31309343118, 9.63627709318
9.02564060848, 10.1442695394
9.15384004274, 10.2154587498
9.69518608336, 10.3438150316
8.9377200699, 10.1783811999
8.92046204385, 9.70019528261
9.02104081237, 10.1616064838
9.24854294611, 10.2712582732
9.65107660715, 9.58991808458
9.2312070556, 9.6647179989
9.3893511025, 10.1882839661
9.42759466814, 10.1629679164
9.44924672169, 10.1434552275
9.56088643537, 10.4845941341
8.92921189256, 9.93197524052
8.80210718685, 9.33878033369
9.60728178092, 9.914928503
9.42290509489, 10.0269400486
9.39560241938, 9.63492182253
9.31502072972, 9.73727698927
9.11664638178, 9.77983073826
9.46852593759, 9.43216127546
9.35392613043, 10.1379543634
9.01002899493, 10.2315139531
8.96995624632, 9.69099175651
9.25504643115, 10.2488283159
9.31219822537, 10.3027067757
9.89949683285, 10.0076813723
9.14596868869, 9.96382590715
9.70044863648, 10.3242318115
9.44582732243, 9.85881973312
9.29590764565, 10.0390567563
9.14922340082, 10.014395702
9.02364928611, 10.1542909261
9.09791710386, 10.3446070513
9.73427343964, 9.99262853299
9.5201037621, 9.93599673199
9.39612578335, 10.0700849966
9.20137697197, 9.79281097771
9.27311282928, 9.62526062614
9.4610425748, 9.93325873927
8.97381500842, 10.3955520263
9.29821236245, 10.0464703021
9.37956761183, 9.92446211491
9.26028137138, 9.8445603292
9.19915859094, 10.0849812044
9.34335019468, 9.98672128732
9.75758203886, 11.1757812552
8.80697274282, 10.2754815471
9.30077338249, 10.1432305468
9.45085107837, 9.68771950323
9.0894871233, 9.78139171528
8.91839973519, 9.56898632639
8.8074129081, 10.0250219289
9.37633452064, 9.60943360254
9.20642225928, 10.6854686249
9.24711354553, 10.0875721569
9.34179366427, 9.88689819843
9.16890864572, 9.91117181649
9.08980826045, 10.3875090221
9.59968597096, 9.99541616486
9.11693061688, 10.0770092924
9.3590254117, 10.1746259374
9.28554300704, 10.1418622338
9.2224695871, 10.1449994809
8.73008451931, 10.0391645643
9.67266297946, 9.52272917572
9.51787252889, 9.69947984293
9.44760009765, 9.99499628701
9.68764720239, 9.10243792937
9.17571916505, 10.3183667004
9.10990292668, 10.3111449159
9.27050553411, 10.1147416602
8.91017439274, 10.443278566
9.63067949301, 10.0138465713
9.89070136679, 10.2188980584
9.05363279559, 9.68316680575
10.25269767, 10.2542258081
9.11873462201, 9.57467831308
9.21700352959, 9.53900815316
9.87850921283, 9.66347396995
9.18817729968, 9.47565688644
9.26964218387, 9.98647504946
9.58489495438, 10.0791935778
9.60631693368, 9.89127435602
9.21588374743, 10.0109989415
9.64779436193, 9.94675236296
9.27510807463, 9.68253597129
9.20059541557, 9.8067849352
9.15502910255, 9.87514485482
9.18985538654, 9.94424650732
9.85811694716, 9.53121275782
9.22771674016, 9.54802786212
9.09630598546, 11.160684705
9.61220061994, 10.2761855668
9.64844948687, 11.1796595756
9.32193746512, 10.0112699859
9.06431195055, 9.55077611338
9.35939045947, 10.0534856342
9.43577143301, 9.487288527
9.23826153179, 9.44219299222
9.0319063534, 10.1913367384
9.03397954654, 10.0860423244
9.84624190218, 9.5920847695
9.50359673542, 10.1379067388
9.35613658357, 9.65282473593
9.51363071279, 9.84045423196
9.17419960725, 10.233832531
9.27175229553, 10.0930400498
9.60418016448, 10.0047139049
9.54672226613, 9.51205249623
9.32726540428, 9.72352260992
9.408764233, 9.45308134537
9.20620993512, 9.62441526871
9.195375063, 9.98531446206
9.39857423942, 10.0127343201
9.24342440042, 10.0576697437
9.29632748892, 10.4814803156
9.40351566383, 11.0563097294
9.49623126989, 10.8644759864
9.18917723828, 10.2335144864
9.16490893982, 9.90434305654
9.38049019812, 10.040117323
9.28065390072, 10.2344891029
9.38560041172, 10.0117317984
9.19380293231, 9.99056385845
9.29923220687, 10.0789507564
9.4542078658, 9.76293189555
9.4036662172, 9.55282104645
9.46640120371, 9.70426044233
9.3946527956, 9.37011282402
9.15202749371, 9.78729213802
9.81050317822, 10.0444967173
9.1224638795, 9.80758340301
9.27529922621, 9.87544783312
9.67421929684, 9.92200691964
9.27314908996, 9.72810033266
8.90251508362, 9.6693440544
9.18339311934, 9.68272493792
9.40826514896, 9.52171155393
9.30800674229, 9.80448942398
9.33071930694, 9.75613133352
9.46679585145, 9.68685181658
9.3302270805, 9.97452415223
9.20764076, 10.1505309304
9.40886760906, 9.51487823329
9.42405535967, 9.72055706383
9.57584651969, 9.97337414981
9.26307082125, 9.80694660831
9.70196222688, 9.90861407708
9.21128354964, 10.2094660515
9.12191832184, 9.62363783035
8.95524503589, 9.59020527744
9.92600054215, 9.80477152241
9.31846863022, 10.1698607357
9.37149425799, 9.58744634625
