10.4519779293, 9.18659147872
10.6763835002, 9.47103488376
10.1844716872, 9.59664700898
11.2513152141, 8.94329914733
11.1173754063, 8.98493909164
10.7406804649, 10.4205693301
10.9740671202, 10.5336934854
11.2656161072, 9.10213751469
11.1427914714, 9.27210767283
11.2977488545, 9.09557349685
10.654096876, 10.5931906931
10.9500280552, 10.667151253
10.6612913569, 9.10763232371
11.4159188969, 9.03627671593
11.79002237, 9.24684278467
11.2134246237, 8.96617152279
10.6582190091, 10.4179810592
10.6506957998, 8.66901871498
11.2313600821, 9.282768054
11.3215640833, 9.05425842932
10.4347444768, 9.294791075
11.2862188447, 9.01769842491
11.0589214305, 9.04424174828
10.2961567393, 9.04134645298
11.0098200154, 9.38325026875
11.2667851159, 8.85900616912
10.8602962256, 9.22678634081
10.7490843584, 10.6392943602
10.9471652288, 8.991094829
10.4880149879, 9.1100641971
10.1651124694, 9.2599859093
11.3903548153, 9.18617373809
10.5758337777, 10.4320052916
10.9872957152, 10.7102161746
10.9452315727, 9.29384826219
10.8366757887, 9.27429192207
10.8561854095, 9.08955737299
10.7037085567, 9.05286092537
10.3953103569, 10.1243952116
11.3369823421, 9.00475658694
9.89703897627, 9.20433152912
11.4368820609, 9.07384601982
10.6267547536, 10.3535606819
10.3079950671, 8.78935741381
10.9576906766, 9.00820618103
10.4517809115, 9.08925864389
9.43516358397, 11.2203353628
10.854887565, 9.36716349415
10.93233277, 8.71564058108
10.4234834185, 8.98209288682
11.3369823421, 9.24918836781
10.9815142491, 9.26023312831
10.4687229873, 9.47560209908
10.3149641689, 9.01820002626
11.2675671527, 8.91730083855
10.270266289, 9.3789827308
10.7421898237, 9.13415621812
9.48715365735, 9.64727725366
11.4351180397, 9.39012895948
10.7343381786, 9.19796923973
10.4448570967, 8.80810929265
10.4394171693, 8.95793995909
10.6763997167, 8.9322846731
10.9232196508, 9.15791707412
11.1112303499, 9.20315974025
10.94591752, 8.99020572018
11.3922122095, 9.137399103
11.5859433217, 9.20400641839
10.348004108, 10.1798387368
11.4292791886, 9.1893894502
9.34077907509, 11.0713395643
11.2902691483, 9.27857036217
11.2730914561, 9.053095764
11.4317597199, 8.90233588485
10.6039174932, 9.20360461761
11.2517662267, 9.03093291174
11.0641665538, 9.22684396393
9.71956386953, 8.96511909719
10.8309498771, 9.4924712192
11.0308270372, 9.29050297323
11.0126349225, 9.26195339146
10.7574883947, 9.18596436401
10.6048909195, 8.92360723199
10.8768699788, 9.42235731732
10.8611572523, 9.17497207603
10.4248586981, 9.30329861995
11.1153052427, 9.29236198536
10.3007916438, 9.04458210809
10.9611438535, 9.25246320007
11.1148719602, 9.16959681331
11.2424071221, 9.15307221438
11.3837303855, 8.99903269754
11.1719042604, 9.28320176291
10.5948844621, 10.3805576232
9.773666043, 8.96619249866
10.8623318904, 9.20219382559
9.9478463655, 9.3609513846
10.7915774765, 8.98331151467
11.3747910399, 9.14913663882
10.0588138258, 9.44258568779
10.6380590291, 9.04422356261
10.6770843023, 10.5908785501
11.5146327464, 9.24470757236
11.7224742774, 9.08612435922
11.1213746353, 9.0852830796
10.6441222914, 10.3811520201
10.9380289415, 9.10213751469
9.64981661128, 8.87618736511
11.2384639047, 8.86564355208
10.9816070675, 10.9013664737
10.9940259553, 9.30324553716
10.5617440361, 10.5431972571
11.4338260803, 9.20315974025
11.2845818841, 8.89492827901
10.6202359135, 9.03196888852
10.7705741309, 10.3567748205
11.3247857328, 8.8922837126
10.7499229381, 8.9487094825
11.195360554, 8.95188258833
11.3514667791, 8.9550303821
10.6368777727, 10.4570320176
11.6777294643, 9.44099553724
11.2742084586, 9.30935590318
11.6777597912, 9.28765501815
11.0595218371, 9.32526326944
10.9984623008, 9.30445947186
11.283543516, 9.14267302186
9.55349753487, 9.66896747584
10.624944897, 9.2738395041
10.63094369, 9.1086041066
10.4552276557, 9.10581819345
10.7743737418, 9.12156971863
11.3622249561, 8.92522582347
9.7680845967, 9.36181640929
11.2237713722, 8.95177190235
10.2182478557, 9.20635892781
11.5398002315, 9.68571322845
11.3000229062, 9.10570275235
11.2021431164, 9.15096959361
9.28282691522, 11.2950708831
11.0050679356, 9.1703266144
11.3802257143, 10.2311272725
10.3399605108, 9.02384993407
10.0944918543, 9.19518356931
10.2313862608, 8.72341900021
10.1988895137, 9.5830722081
10.9106781836, 10.6612913569
9.31253859274, 11.0942818261
11.2415003386, 8.86116634337
10.5833161585, 10.308199941
10.3562201167, 9.0121727774
10.577604314, 10.2365525884
11.4931429284, 9.30754363933
9.88907158745, 8.91768378243
10.9252540833, 9.07727686488
10.2868024976, 10.1551762056
10.7417692483, 8.65840519034
11.3099211398, 8.63569455303
11.0555057698, 9.24131529228
11.3257728108, 9.31672459158
11.0094488273, 9.32437052635
10.3786784245, 9.88573605805
10.755069653, 10.4314898371
10.699646414, 9.19518356931
11.2522367541, 8.88464149389
11.0023486612, 9.29856718548
11.4891708774, 9.22221083996
11.2917654797, 9.05425842932
11.0211548343, 9.29504156079
10.8504563998, 8.90155820775
11.239182656, 9.06493804935
10.5962278661, 9.28036362667
9.39942683885, 11.1413773731
11.3163004605, 9.08539904547
11.4793482907, 9.02243518528
11.3189312414, 8.60954894909
11.3481357259, 8.92998325733
10.5984701617, 10.408193952
11.1962848632, 9.25893885437
11.6450781483, 9.01586579988
9.34809859774, 9.17511598629
10.6828039659, 8.71463921147
11.0229247605, 9.08583995401
10.8841245828, 9.01620126392
10.297612509, 10.4409326515
11.0803098429, 10.7026586699
10.9377032833, 9.25246320007
11.1576075567, 8.85652717355
10.8589645454, 9.16066310274
11.5604340562, 11.6777294643
11.0706408168, 9.13629042563
10.1656651163, 8.66959654289
11.2171351413, 9.3241435216
9.8803400448, 9.21092024621
11.3176182261, 9.10248798557
10.8120764377, 9.28006210026
10.8969048153, 9.28853236836
11.5348054799, 8.83343093515
10.338225045, 9.12848043128
9.76176077219, 9.21627872745
10.6822369361, 8.92638213623
10.4498061875, 9.0837907041
10.4884021386, 8.93113751875
11.2993551103, 9.45703533867
11.2960717521, 8.85512319862
10.7268604352, 9.12540250494
10.5892612976, 9.76446272093
10.1762645988, 9.83644101301
10.7928231169, 9.93717386543
10.5516653841, 9.60671135269
10.6398874297, 9.19372417986
11.4977243985, 9.10195552427
11.2743398187, 8.77330656714
10.8956739395, 9.37940611397
11.0467432751, 9.29976798497
11.3732465328, 9.16255685919
10.5304534772, 10.487238605
11.1986694865, 9.31334723893
10.3747930595, 9.0671455055
11.1253296881, 9.05799172276
10.6302397534, 9.29318087837
10.4529388655, 8.83399589502
10.6150064815, 9.08349149942
10.6361730483, 9.15816581306
10.5668604122, 8.92833949982
10.6733292021, 9.09951344869
11.0822564887, 9.16255685919
10.8786383152, 9.13833647621
10.7152204998, 10.3793860215
10.8048886662, 10.7900188492
11.2730828317, 9.09541756572
11.0085919834, 9.07172152635
10.6165364917, 9.72562327836
10.7756601633, 9.32479719141
10.690477576, 10.0203784848
10.0727827817, 9.27391689379
10.2751811978, 9.25088833499
11.2632243377, 9.27219672722
10.8432182801, 9.2985514402
11.1255129618, 9.19963711233
10.7664526528, 9.21055025223
10.7458940086, 8.98307726587
10.9812043408, 9.20506205532
10.8735765632, 9.00285729982
11.1884348816, 9.16190047068
10.7717809172, 9.22026107248
9.92766953863, 9.21662335146
10.8778719614, 9.1589706489
11.2699144657, 9.0459067988
10.6096799851, 9.00447059512
10.7864197858, 9.23538784718
11.3962864565, 9.29384826219
11.536332564, 9.55279918443
9.93974623326, 9.20433152912
11.4325377501, 9.19398065389
10.4381139497, 8.88273394783
11.5305966919, 9.36483991746
10.3172679318, 8.98910378657
10.2891521708, 8.77128642407
10.3671276141, 9.1178874993
11.2800216673, 9.29633104844
10.1515694127, 9.18502427029
10.5341611255, 9.15964893302
10.8272705102, 9.17877742446
11.1517507524, 9.22328181913
10.6355546733, 9.09254462195
11.1277564602, 9.27498502284
10.7896338696, 9.33400611577
10.918013117, 9.44249448022
10.3131762685, 9.38787467966
