9.38715099254, 10.9164236807
9.79827337017, 11.2441913896
9.74884127428, 11.7274038378
9.11763823404, 11.2428785925
9.56642191381, 11.352093199
9.49078462724, 11.2689783847
9.2585441432, 11.1333193752
10.7031869575, 10.5654862126
9.93708769296, 11.7646988219
11.6672492476, 9.86260355887
9.30132768179, 11.4372012109
10.3802480329, 10.7689063266
9.66863326491, 11.834175989
11.0982529067, 10.7269172021
10.8411085914, 10.5617492795
9.27211778061, 11.2798400446
10.8946881849, 10.7592054657
10.8768927528, 10.7768732718
9.68052619402, 11.6143997908
9.27237395992, 11.13986981
9.99078081409, 11.4259129928
9.73195184177, 11.3230569506
9.55049480641, 11.4075615078
9.94892438457, 11.5846529597
9.99733968822, 11.2432270833
10.5346147016, 10.7564917784
11.2800462842, 11.2501052944
10.6572840734, 10.9674993263
11.0907027406, 11.2682028215
10.0803611894, 11.2461639971
9.53008093054, 11.2699717624
10.3909101723, 10.592156038
9.6492161034, 11.2264880491
9.08154903498, 11.0183026209
9.65648333487, 11.662451927
9.60916500394, 12.2276149981
9.40089250744, 11.6064929336
10.8101744182, 11.1439269595
9.44538397181, 11.6085666019
10.7884818362, 10.9497724814
9.82864925469, 11.8474313462
11.288580953, 9.84117657983
9.48926276116, 11.1459762683
10.9123150063, 11.0687938056
10.9050548705, 10.7866406207
9.7348869432, 11.1210930687
9.40467468035, 11.3789958074
9.44924838631, 11.2451261679
9.66592745646, 11.103962273
9.27219060947, 11.454260993
9.69986060119, 11.5264556058
9.85395279584, 11.2699717624
9.55565111159, 11.033056747
9.6707747572, 11.4728914606
9.77595527129, 11.9437765441
9.82682526485, 12.0159604796
10.4835123812, 10.8625565286
10.3647405436, 10.985676769
10.9725552567, 11.2615097509
11.1974662493, 10.9735897992
10.6334732571, 10.923048529
10.5859891675, 10.8017945051
9.81440884576, 11.516833253
11.2452249842, 11.1951832522
9.86204697281, 11.9771157906
9.4701736817, 11.9431469258
10.600155006, 10.5715012669
9.68772364639, 11.6272630369
9.35439927675, 11.2053781892
9.4810814344, 11.3892360599
9.48378128846, 11.780577824
10.6657597109, 11.0956273244
9.30373535362, 11.3224819988
9.17544901183, 11.2757346942
11.134440287, 11.284136045
9.34008802459, 11.0306158621
9.68908219924, 11.3529534583
9.731451527, 11.2893854914
10.0602553925, 11.4062879999
9.78349510223, 11.4441053361
10.0754812017, 11.4365228381
9.79947318352, 11.2819644887
9.5477993763, 11.3658061192
9.90463590695, 11.2696917488
10.130846651, 11.3971902454
9.59432232431, 11.0968510505
9.64714175838, 11.2959924139
9.42516183428, 11.2777662083
9.62453494517, 11.130477379
9.34862944205, 11.425543787
9.47373849685, 11.3080885151
9.39658690164, 11.537676486
11.0460247272, 11.0403804579
9.44768242544, 11.3985791122
9.61314055419, 11.4234517909
9.54125931501, 11.3364616248
10.0061753707, 11.339343229
9.61207467683, 11.1551777589
9.33578095324, 11.2776452584
9.91286636519, 11.3339886889
10.1965096154, 11.4509035479
9.43641296408, 11.2225468557
10.4149052469, 10.5156095067
10.1954659742, 10.5918963741
10.6962172731, 10.9484432534
9.43904327878, 11.3794155544
9.40802700967, 11.6795803931
9.71107929738, 11.2881542735
10.6003821784, 10.6520834552
9.28563160216, 11.2978580794
9.69261021635, 11.4941708036
9.38400616651, 11.1773903991
9.61914207239, 11.6516799767
9.38505503008, 11.3620675241
11.6809176636, 9.73547514419
9.63641889069, 11.31537266
10.5134928002, 10.5380879642
11.3346162237, 11.1940847023
9.39645948596, 11.5653175561
10.2566745727, 10.4933169162
9.3385767992, 11.0413077661
9.35858175974, 11.6310705054
11.2810574389, 11.2750463644
11.1846630316, 10.0795986377
9.50438546813, 11.2787570573
9.92635399641, 11.2781019236
9.36813331166, 11.3927753154
10.2446733011, 11.5924357336
9.89851399337, 11.554677448
9.86223405468, 11.3893014751
9.84447343249, 11.6091800519
9.73326837539, 11.745376364
9.45615546112, 11.3453224927
9.88587366863, 12.1221569396
9.31594367104, 11.354491094
9.79152465021, 11.4249436812
9.98079787707, 12.25588183
10.7781836178, 10.8968641216
9.59041313611, 11.3618066153
9.33529898444, 11.1918259249
10.0308825808, 11.7744944412
10.0828577269, 12.0593763357
9.71694326807, 11.5592708051
9.90069561213, 11.4301591015
9.38137008496, 11.1180143455
9.71360804524, 11.6974909355
11.3480106827, 9.52168536297
9.4778524354, 11.245919335
9.26319877063, 11.3099753975
9.18438623065, 11.0621074007
9.91137110883, 11.4087459777
9.25935316535, 11.3928919346
9.39637718814, 11.1758694973
10.9861804017, 11.1918259249
9.85055927118, 11.9045144502
9.53881996837, 11.5164389054
10.8726743172, 11.092732584
8.99594003577, 11.1366529272
10.9209415713, 10.9805922716
9.49148274718, 11.2472384227
9.85348928317, 11.5696033052
9.82556377302, 11.4875815402
9.38937017096, 11.5865560113
9.86441055206, 11.1417603485
11.0236214212, 11.2365263406
9.58965500447, 11.1444724776
11.1745396268, 11.3109146928
9.36281572938, 11.1766701909
9.68610555728, 11.4358511695
9.56372880361, 11.660605862
9.57816675478, 11.3010859749
9.84447343249, 11.6255212238
9.19869748281, 11.3069076302
9.55848834293, 11.3517684823
10.8348729427, 9.14894779326
9.39409468637, 11.3360294774
9.56516225799, 11.3222276543
9.47092264089, 11.4648589213
11.0581973841, 11.1052768602
9.17343615083, 11.2488140753
9.8921957623, 11.5200236925
9.94460037434, 11.4396522151
10.3765136647, 12.1025475176
11.582111161, 10.1804355138
9.80261532445, 11.6377469573
9.41419401862, 11.6118438966
10.5221538749, 10.6625492624
9.46689228011, 11.296191956
9.71767252437, 11.274238437
8.95728123495, 11.2016624406
9.90245577494, 11.1960010145
11.0921256419, 10.6263557409
11.5695002873, 10.1675678017
11.158469563, 11.177295228
9.96757447516, 11.5322967894
9.56579664922, 11.7326402403
9.81718487329, 11.5485177533
9.23567028485, 10.7970593526
9.6795425196, 11.451783709
11.3590171771, 11.1459762683
9.73712480475, 11.4277820946
9.78041138922, 11.2549122605
10.7456522797, 10.6686863237
9.4552123117, 11.3155879481
9.26664363477, 11.1284711289
10.7862320645, 11.216928375
9.83138377451, 11.1183977022
9.96757447516, 11.4983775025
10.0343745495, 12.0418201022
10.1294974614, 11.5429211518
9.85487268883, 11.4805581738
11.8950436406, 9.85551424567
9.81735222037, 11.2297114503
10.6477648959, 10.9986874146
10.6646117018, 11.0172350047
9.3520262884, 11.2933487132
9.25439278097, 11.2199768498
10.6272438919, 11.1551489491
10.9489260614, 11.1018805068
11.510296866, 9.83079840136
9.546681008, 11.6918990739
9.86194298264, 11.9872893744
9.58418382663, 11.1875673372
9.85031234848, 11.2465702585
9.74319660553, 11.4844409126
9.73488586416, 11.6533010419
11.2973160506, 10.1039142335
11.3117096183, 11.1339967833
10.7371469729, 11.0208900323
9.44325499242, 11.0749198589
9.61656254127, 11.2382995536
9.46391355939, 11.3498479535
10.2384136187, 11.6401839433
9.61207467683, 11.502685797
9.33985827937, 11.7663271856
9.74617930177, 11.3248018852
9.62591367972, 11.151376114
9.64555129877, 11.2657932694
9.88479466942, 11.208244158
9.55839249051, 11.1575040498
9.87408434997, 11.1127713365
9.21716043092, 11.0265322577
9.71056915895, 11.8438670683
9.778842603, 11.5177901095
10.8768927528, 11.0048016303
10.689210376, 10.8489631888
10.1401921993, 11.4575920334
10.064548875, 12.0433456658
9.72064378667, 11.2283825075
10.8978957729, 11.0257343328
9.79152465021, 12.0237741956
11.7382491487, 10.0694141217
11.2216000211, 11.2541880034
11.3292218406, 10.0224756991
9.71248967693, 11.3325192254
11.5019896763, 9.75288251413
9.94759233213, 11.3736427235
10.6429575776, 10.7800815352
11.8746142259, 9.79150668274
11.1561911819, 10.4531111881
11.2249175615, 10.2326382827
10.8778058157, 11.1101432148
9.73569363602, 11.7102698709
11.2358763258, 11.1271658784
9.59918656632, 11.3220782495
10.7948083217, 11.1801980254
12.1741253918, 10.0911066547
11.3818062392, 10.133733198
11.4760628026, 11.0891871415
10.6870329676, 10.9526866945
