11.0310365429, 9.12980759276
11.0526635325, 9.2769488768
11.030204028, 9.27629579571
11.101568501, 8.74514124892
11.1063127697, 9.33514712708
10.7216040259, 9.59307319087
11.1551586106, 9.1083404593
10.4145924611, 8.95316678146
11.1312960937, 8.90718423031
11.2340643947, 9.01959068495
10.7475516307, 10.0191513128
11.4176171037, 9.03443440748
10.4033510434, 8.85022188022
11.0184469973, 8.92525812977
11.3013457063, 8.66808007952
11.5423262827, 8.5968091367
11.3061284262, 8.96306388509
11.4241316524, 9.22188428821
11.4341395989, 8.95342210969
11.3351925463, 8.53755913193
10.4801069298, 8.64602024452
11.0596683865, 8.81275085687
10.8530893442, 9.09554106298
11.5345966059, 9.29306369869
11.0671946964, 9.24126750892
10.1796861028, 9.67305328092
11.4486423108, 8.99200225668
11.3946480778, 9.09776026326
11.4211585991, 8.88311684422
11.3425796783, 9.4000892672
11.4082328862, 9.40606955325
11.5052812062, 8.65296386767
10.6655504248, 9.81669106069
11.3172815209, 8.57294348768
11.3156499356, 9.32094861341
11.5641632575, 9.35487268723
11.38719392, 9.15953919059
11.4740163459, 9.03282317171
9.5072392181, 10.5577490044
11.5728991275, 9.35459854891
11.6093291858, 8.86939612026
11.4135518317, 8.88135472913
11.2183264663, 8.90655339781
11.5166882249, 9.27929905762
11.4395717315, 8.94239999695
10.9105517861, 9.49494486011
10.5054907676, 9.70318537968
11.1894977124, 8.96900283877
11.0027714925, 8.77598870543
11.306112247, 9.04240762651
10.93535182, 8.92907131669
11.4747855579, 9.42164159357
11.2488570904, 9.16566584638
11.0852244125, 8.84337078542
11.4054512084, 8.95368835044
11.5833604959, 9.16356396773
11.0187291682, 9.33569809443
10.88624572, 9.73991286949
11.4832532943, 8.88887648967
11.4986804076, 9.19149697016
11.578518635, 9.98912892198
10.8562992931, 8.86731090178
11.0252677895, 9.26815966092
11.421670312, 9.2269921851
11.2672406125, 8.52497918745
11.4124906841, 9.09156970132
11.2137878493, 9.01621214332
11.4134752222, 9.11281971965
11.2868267578, 8.91234171547
10.4767252605, 8.86010015102
10.4356479511, 9.70731155122
11.4085983878, 9.17199942247
10.5980410819, 9.81535627054
10.6400468161, 9.91073653692
11.5663189938, 9.73004595565
8.8915721435, 10.3171129312
10.9200660999, 8.83427935164
11.0728082363, 8.82950245213
11.0200432769, 8.91792727839
10.9703204535, 9.1898587223
11.0891665002, 8.80540419147
10.8436626211, 9.23860534088
11.1617052099, 9.20039504934
11.3309418462, 9.14327174891
11.3203017441, 9.43424505743
11.0209803457, 9.1284354314
10.6138725628, 8.97386362261
11.0292223957, 9.60155829421
10.8477710039, 9.26559793724
10.958483433, 9.00851942914
11.2368467462, 9.20092172948
11.222712545, 8.95264247232
10.4900781495, 9.97249039995
10.781939708, 8.90658816148
11.3119043852, 9.50414481415
11.1894409366, 8.90295264356
10.6276397352, 9.16671223755
11.0033795021, 8.93414459413
10.8698686132, 8.71294163349
10.6251567683, 8.90064881964
10.8536118688, 8.88903864045
11.1399074283, 9.13389879177
11.2029857683, 8.76126648431
10.7778359657, 10.2228655739
11.1110863403, 8.89868107039
11.5281606679, 9.00662716452
11.3271085336, 9.70250462622
11.4135643139, 9.84022502327
10.7682916007, 9.79869035962
11.3217383173, 9.00538247975
11.230269348, 8.91001301946
11.4593455029, 8.83082675448
11.3129648865, 8.94569736166
10.7777496026, 10.0842055593
11.6263754064, 9.0494032349
10.1436982004, 9.52822612259
10.7703840147, 8.96288703061
11.1353975787, 8.98638712081
10.5925987271, 9.9198633014
11.0469277711, 9.11753039218
10.5891035017, 9.57102724699
11.0948249754, 9.02126544444
11.3855053594, 8.99956369252
11.2676818075, 9.29398982282
10.8769213483, 8.90199982894
10.7824667526, 8.77063177139
11.0126368768, 9.03666452927
11.1123214211, 9.24634322025
10.9017929804, 9.21746638358
11.0731188497, 8.79401685658
11.3912042918, 9.43343354623
11.2371282703, 8.88672187379
11.1475718798, 8.93161156846
11.6648029802, 9.6783500209
11.0600760496, 8.73361574016
11.27860253, 9.16499615818
11.1087347965, 8.58538644105
10.531021884, 8.72033425711
11.3740179423, 9.2598984138
11.307840611, 9.07159502755
10.9825371603, 8.56705393775
11.3509100906, 8.77864689143
11.4513371558, 8.88899695415
11.1619789274, 8.85535865103
11.2775345479, 9.36245171534
11.1242791772, 8.93636421093
11.2122736781, 8.85899591781
11.247323404, 8.91140260824
8.95030934015, 10.4911033629
11.1903634075, 10.0287955309
11.4164533386, 8.85208337013
11.2021659629, 9.32893597767
10.6223983898, 9.9473920578
11.2331304029, 9.05923824182
11.2578497235, 9.03964457022
10.2914340981, 10.1106488728
11.2433493381, 8.80851903279
10.5116476188, 10.0105813265
11.2000296444, 8.9998894535
10.4457035854, 9.80692140502
11.0145849177, 8.91720251611
10.0119832249, 9.16911678791
11.0114833758, 8.58691842337
10.9544770865, 8.77957306682
11.2531413865, 9.37007053085
11.1773034674, 9.5481799578
11.685618969, 8.73476940795
10.3481287159, 9.61321140888
11.5307415434, 8.87462451512
10.9325618109, 9.09363098259
11.281074365, 8.78003583208
11.0020959662, 9.08048613239
11.2194423678, 8.81885197875
9.11719682258, 10.2072566179
10.2060229365, 9.76560482049
9.24687995655, 10.6050900192
11.2355248826, 8.91825969869
10.5882094888, 9.33427500354
10.5767550846, 9.87512774445
10.6701381012, 9.98692150088
11.4357076291, 9.20070208044
11.2599100831, 8.91333377121
11.3928442694, 9.0247150491
11.8412691066, 9.73231760342
11.0022278526, 8.8785848623
10.9941060093, 8.87048574761
11.2801349172, 8.94875797805
11.3167155423, 8.87872982466
11.1556121977, 9.16974594579
11.3873868831, 10.1438043136
10.9731945768, 8.70039870987
11.1793121704, 9.79542421758
11.3980864976, 8.91216313148
11.5146495161, 8.75830958605
11.6059300627, 9.14992984702
11.634615449, 9.37080352908
11.505418439, 9.12606622455
11.0531691056, 9.28324906765
11.2108297883, 9.5770777025
11.7268227357, 8.86425046923
11.300417093, 9.06866089983
11.2164475074, 8.86413799651
11.0406309114, 8.98924588292
10.8709687357, 8.70738579119
11.2785939147, 8.92211547607
11.6277043608, 8.89221685684
11.3404279192, 8.8316123628
10.6537407923, 9.36058730982
11.0701713288, 9.11498691201
10.5424962979, 8.76914998903
11.460933711, 10.441726359
11.3698180504, 8.74589817571
11.1679889347, 8.92598365632
11.5318266757, 9.42941642873
11.3449369685, 9.03214364659
11.3523370285, 8.59230052112
11.1082080173, 8.66899533343
11.1911385619, 9.03355723613
11.2931640837, 9.19137084265
11.1178039335, 9.02405384633
11.4783294835, 8.71740285784
11.5479998668, 8.81597841719
10.7876498068, 9.06832350696
11.1599058591, 9.15629752774
10.7910522917, 9.54687850828
11.0040962682, 9.22496754794
11.4580676115, 9.32204031815
11.5789566043, 8.71134893324
11.1838056387, 8.93199466145
11.1879458458, 10.2098073101
10.999556195, 9.02804461281
10.3942245692, 9.7498337163
10.7594806749, 9.2478835469
10.5294944941, 9.17772156315
11.2384190121, 8.91096211488
11.1931116718, 9.0717908641
10.6993919294, 8.95323106459
10.8674266873, 8.90164483115
10.9717097563, 8.81505312007
11.0289973641, 8.69613196028
11.1647596043, 8.800202728
11.0926593663, 9.08864096283
11.526781407, 9.09222434308
11.2645404924, 9.30508107327
11.4521066204, 8.73737713234
11.6319003797, 9.07180977904
11.1084841709, 9.03318154001
11.7452367256, 9.00077083628
11.0285622162, 8.98361085595
11.5091566073, 9.78499585318
11.3533463734, 8.87928989304
11.3766785139, 8.62584360133
11.8260596332, 9.11247251307
11.7315045182, 9.24858555406
11.4470391617, 8.80338147041
11.1959007284, 9.23699123214
11.1350923943, 9.60866081974
10.8280313892, 8.77822294923
11.3704741759, 8.92036367518
11.5596240203, 8.91915145034
11.1879526789, 9.17288553053
11.3023684629, 9.29503575623
11.0574399251, 9.35370869893
11.25327456, 8.99341796004
11.2376569961, 8.99053524607
11.6611497138, 9.0822296891
11.696671941, 8.76051295641
11.6889646139, 9.31322235033
11.4138310348, 8.92857930387
10.9749158987, 8.8173795813
