10.7586400093, 10.6280259656
10.5275298025, 10.1844035411
9.37807313606, 9.58298487044
9.14321654763, 11.2877798105
10.5840676063, 11.394272191
9.60428797364, 11.1548489017
10.8920299041, 11.2534528702
9.48205975021, 11.6293347743
10.2455527063, 10.716357319
9.54084677528, 11.2249668287
9.43529459591, 11.0326141351
9.47712068143, 11.5058919266
9.63050533505, 10.9407638701
9.43114415818, 11.288580953
9.58049325316, 11.4116291149
10.4282752742, 11.0053392412
9.44940533312, 11.4244291035
9.26635986113, 11.2385190931
9.63209655113, 11.5348054799
9.50699405487, 11.7317070206
9.65648467444, 9.97577872968
10.4703249211, 11.1023562649
9.33765933043, 11.1688029107
10.57141574, 10.9809725823
10.4725890617, 10.3009272862
9.5965376049, 11.307310867
9.78127394794, 10.7800731961
9.72044476508, 11.2574665434
9.52611539824, 11.0809276766
10.0253865973, 11.9166589868
10.0184209454, 11.068278571
9.37275989592, 11.7677426648
9.40283885899, 11.2961703756
9.38953738563, 11.5198720201
9.96387522727, 12.0032997634
9.73032176617, 11.3523361047
9.95913343144, 11.9101745953
9.19609245456, 11.5425069097
9.80167489168, 10.8998451577
9.39007747727, 11.414824711
9.24156517906, 11.3967062324
9.3254935512, 11.6097485921
10.5911025625, 10.8513746151
9.46328126254, 11.3498176525
9.34128112908, 11.240822663
9.3963294528, 11.3006373869
9.12774986585, 11.1643952784
10.8771788604, 9.15719664582
10.4922378159, 10.9771194117
10.1467833394, 10.0855983267
11.1203246108, 9.34212275132
10.5261464988, 10.8539008334
9.30294038531, 11.4086463617
9.46094565864, 11.026603604
9.47547730139, 11.4083343451
9.19405056463, 10.7390210228
9.8264732138, 11.6898846146
10.1330836766, 11.7911659152
9.01586579988, 11.3424857314
9.41016365784, 11.4521857318
9.74739397137, 11.880230956
9.37406177394, 11.4373266674
9.47236550573, 11.4360806697
9.43757301032, 11.197769351
9.01073328517, 10.9575337394
9.47815687682, 11.5649870221
9.38817737135, 11.6278725175
9.49339695363, 11.2089158373
9.42378125935, 11.8045553938
9.13217178713, 11.485038079
10.2751812156, 10.4300520023
9.57023662597, 11.4253816648
9.29538915262, 11.4597420249
10.7457742749, 11.1196039432
10.1967304645, 11.3100001867
9.19931657995, 11.57446189
11.1324714086, 9.66752707909
9.79023151587, 11.7160764793
10.9579032782, 10.2923101102
9.74952995987, 11.5754377242
10.7903212415, 11.0788544859
10.5628518051, 10.5433218716
10.679041822, 11.2130837721
10.52038603, 10.7672032364
10.9458925113, 10.5012416773
10.4642260099, 10.9966219148
9.5623392447, 11.8344064319
11.3289313862, 9.21404822776
9.42954252994, 11.0911542515
9.24877119891, 11.4465892898
9.30719995896, 11.4054647479
10.322377924, 10.4294729519
10.0555022884, 10.2331786171
10.2738795384, 10.8091533981
10.7846986915, 11.1932070155
9.52520540783, 11.5496977782
9.26279071159, 10.1530763773
10.8146747775, 9.88036981195
9.2165107221, 11.3120840074
9.41850316321, 10.3739081973
9.35139083339, 11.7653435486
9.42240917091, 11.4067108024
9.68420112043, 11.9687979228
11.1494594283, 11.1597658945
9.60177769081, 11.3678446394
9.47839689947, 11.4150314516
10.9538575067, 10.3111574426
9.65166525774, 11.0666515063
10.6625974448, 11.1121253866
9.25038162592, 11.2997368016
9.25129513805, 11.1634235446
9.61556382314, 11.7184690076
9.76271237516, 11.3681960778
10.1062657032, 11.3122588027
9.42828233057, 11.6434172499
9.33620279821, 11.2957045389
9.57546192502, 11.609400184
9.15386488509, 11.0927086098
9.54997113077, 11.1015917944
9.56516225799, 11.7749990003
10.5852627516, 10.8755238462
10.348004108, 10.487238605
9.02857943977, 11.2164573895
9.89716467229, 11.7297455
9.33134986482, 11.5619302478
9.53661315567, 11.5689476739
9.29538915262, 11.6567067139
9.53219952272, 9.93785892492
9.28635980783, 11.1252079713
10.4576271578, 11.1358991467
10.8468329814, 10.0694535282
9.50411559352, 11.2632539268
9.29225320147, 11.5659305937
10.1700996464, 11.0988943079
9.70609239326, 11.7381713084
10.6737908622, 11.3454456671
10.3722622844, 9.94935180695
9.36114029614, 11.038527769
9.45322004528, 11.4402374541
9.59754175515, 11.7378332446
10.3648001917, 10.673119289
9.54864088523, 10.6168654074
10.4500614013, 10.8026694418
10.6347794387, 10.8020472304
10.9140154979, 11.1166516223
10.5536542719, 10.140346969
9.39982248584, 11.2984077934
10.4551476725, 10.6942729468
9.11113155668, 11.4273571035
10.97032011, 11.1014517789
11.0587185371, 11.2268218568
9.77410731864, 11.5128183911
9.51454174761, 11.506538019
9.47839689947, 12.0270940994
9.2043075063, 11.0789750776
8.91852352695, 10.7894419376
9.39152957025, 11.3228202854
9.83783916344, 11.9285178029
9.50080246965, 11.359761805
10.351155236, 10.877701441
9.21809317956, 11.0572710728
9.66055957276, 10.3520264113
9.37968434181, 11.3237052459
10.5682881444, 10.7510375548
9.71190272814, 11.7211279754
9.58200429181, 11.7003510812
9.44924838631, 11.4086463617
9.2719438273, 11.3691251774
9.70375643767, 11.415481704
9.6333396423, 10.8587338117
10.7336989242, 10.9886037007
9.34911864888, 11.1299058405
9.35047533826, 11.6100660878
9.59541348015, 11.4647410234
10.9794251953, 11.3225225534
9.6594926261, 11.4028995149
9.41243034761, 11.4912902841
9.58176059631, 11.4493116209
9.38574515466, 11.4140171395
9.53275158354, 11.5218294224
10.5912546842, 10.8071446092
10.9221318039, 11.1571355862
9.23861288289, 10.9941328218
9.95283324631, 10.6877334012
9.2043075063, 10.726497787
9.15222309456, 11.2855236335
9.37874513314, 11.4507469729
9.425698878, 11.0262594543
11.4245351066, 9.99609279196
10.0380649587, 11.5922138675
9.39660478118, 11.4704681646
9.62463835534, 11.9641207328
9.50923049114, 11.2182841349
9.46125984927, 11.3623356407
9.41043862367, 11.510889144
9.50387744816, 11.7486025963
10.614766133, 10.9590841732
9.80993266621, 11.5950925961
10.5472242433, 11.144498123
9.28865983429, 11.4189987916
9.88696350099, 11.6535867467
9.3330560764, 11.9599937558
9.30910861861, 11.7964093392
10.514399547, 10.3995475804
9.79751304439, 11.915725641
10.5897379956, 11.6766928071
9.80592421801, 11.9058105724
9.48205975021, 9.84047286194
9.38015114455, 10.2549656815
9.40283885899, 9.70500279911
10.5068581314, 10.5694703202
9.14399479967, 11.2389901118
9.69816431684, 12.208267946
9.81894619444, 11.5448100626
9.45336244014, 11.5838045533
9.14629189386, 11.4205570505
9.38435278152, 11.4715525076
9.55382337834, 11.6673042019
9.44430970971, 11.3633144822
9.66140063953, 11.8918655599
9.36689092411, 11.4427464466
9.32237019929, 11.3112428274
9.4849385928, 11.5854803775
10.8556536554, 11.1184938763
9.48913587089, 11.7922958765
10.8851230701, 9.89963617865
9.62401063556, 11.5538257537
9.43350850962, 11.3926955493
9.75576868134, 11.1454549039
10.0341697586, 11.8137187279
10.4035783338, 10.5738864696
10.5102604779, 10.7520625278
9.71331943372, 9.38530914162
10.0382305845, 9.94649324515
9.47547730139, 11.0869185115
10.4448570967, 10.3722622844
11.0836151798, 9.53495527086
9.08064773591, 10.6776308242
10.6313583479, 11.0491507293
10.705024054, 11.0799664625
10.1933428002, 10.7152317468
8.83532256304, 11.3824463941
10.023295757, 11.5034711041
9.23782859803, 11.7774453338
9.54319806512, 11.8039385592
9.64793474142, 11.7496374169
10.5889702302, 10.8045755863
9.35305634447, 11.168460628
9.07409309915, 11.8412296109
9.88098655848, 11.8408875809
9.44176843017, 11.3926955493
9.20238693668, 11.5824621841
9.13260367667, 11.2473811879
10.5488492739, 11.3003873932
9.16074305869, 11.393064317
9.46328126254, 11.5993598312
9.89757816826, 11.7543727589
9.28700393556, 11.7915980414
9.5223955763, 11.4075167775
9.40021373558, 11.4828710518
9.32805212681, 11.7066902482
9.65471218701, 11.9647700164
9.25985476693, 11.4165444513
9.43938677997, 11.3632293072
9.38190304596, 11.3491926353
9.08064773591, 11.4006097037
9.31070568412, 10.8686845304
9.33985827937, 11.3091271003
9.63067649572, 11.1230457443
9.83698889935, 11.5131449931
