11.0193464027, 8.7543335916
11.312280569, 8.84918705992
10.4667241305, 8.53329354306
11.1586503015, 8.703550277
10.8545996603, 8.46862519143
10.9736336893, 8.8718927867
10.9609278063, 8.56161126561
10.9699903029, 8.59418691248
10.7455561457, 8.90659882245
10.533434676, 8.78790054664
10.8440990348, 8.84559497888
10.9052599074, 8.76065638678
10.2953763492, 8.32020863875
10.8928349383, 8.28046321245
11.2228554898, 8.74372890619
11.1927359735, 9.07097259161
10.5832995159, 8.42616499824
11.1763168399, 8.7634900651
10.521462633, 8.33072689642
11.0750273008, 8.89660813386
9.90832564925, 8.24104838724
11.0593818121, 8.96648502314
10.981685931, 8.76957665587
10.6958877366, 8.61106296942
11.0126349225, 8.43328448506
11.0559618246, 8.79611210068
9.17185721816, 8.99315572126
10.7756408747, 8.25975434212
10.0827899839, 9.58787160411
10.8500967706, 8.84771521907
11.2755880158, 8.74974671129
10.8780257779, 8.68484718211
10.560854496, 8.37578961005
10.9030278511, 8.67331892828
10.1091000688, 8.42124899807
9.9399065175, 9.53517267641
10.8686820154, 8.21787213664
10.4804636445, 8.45203565936
11.1955894627, 8.79822554591
10.1251973695, 9.55427501454
10.949634778, 8.75348229721
10.3825824656, 9.99522320639
10.1166676483, 9.76552503138
9.59202038727, 9.21092024621
10.6711398412, 8.43483515362
10.9426562238, 8.93980864103
10.9973533503, 8.82926350563
10.715671801, 8.27552768032
10.8305634272, 8.95807819526
11.025960276, 8.59524469145
11.2308284819, 8.9200802041
11.2334349569, 8.5848338774
11.4519065183, 8.82243145636
11.0406665436, 8.90126958993
9.8112365613, 9.5243154441
10.9553222652, 8.61715342552
9.90633873936, 9.68383370767
9.76767438459, 9.30036233892
10.2501002573, 10.1576359856
10.1885612713, 9.38454484243
8.20927216578, 10.712374423
10.1716343245, 8.41270834679
10.3391157955, 8.7061187755
10.4486737437, 8.1403412659
9.78875272642, 9.34239045755
8.51833935992, 9.92968291058
10.9036522969, 8.50375837171
11.1522542087, 8.69462521167
10.9844544143, 8.51638838814
11.0619118001, 8.75943654156
10.6022382083, 10.0625235059
10.8905375007, 8.43328448506
11.0972139659, 8.64618966822
11.164944352, 8.73235795342
10.6194325114, 8.58874159083
11.0254457765, 9.0545261501
11.0842041895, 8.99914377449
10.1907370312, 9.87293514973
10.8613954, 8.54067248064
11.1709378585, 8.42767462507
11.1989043674, 8.74871883527
11.0533854883, 8.79200508271
11.1831453649, 9.22534377212
10.9309435619, 8.68545645173
11.1753965076, 8.90055261268
11.4013388781, 9.09698026491
11.0497261434, 8.68192416078
11.1308528078, 8.47714885659
11.2260215584, 8.88016518547
10.8872489319, 8.62437470234
11.0067796742, 8.82442092633
10.9598215328, 8.60208136377
10.5875012416, 8.75151211882
11.1550664495, 8.49427938304
11.0911836318, 8.75562333983
11.0925353394, 8.45544657478
9.85070295974, 8.28046321245
10.8735672494, 8.60689159513
10.9281315127, 8.87264431069
10.3095524253, 8.56401660903
10.9586793779, 8.64681956208
11.0911748234, 8.67667596997
11.043127307, 9.02492303734
10.6586752289, 8.4569056308
11.2983756343, 8.8767980695
11.1367719958, 8.73365577058
11.1195985133, 9.035887552
10.620778333, 9.06061056021
11.2954766393, 8.37338623043
11.3350414736, 8.94329914733
10.7184319672, 8.40973778522
11.0055749859, 8.51131177721
10.9263924516, 8.54561249163
11.0310930252, 8.9212185877
11.2400797599, 8.89888500621
11.0042677001, 8.75330143644
11.0960903308, 8.81381507301
10.28394472, 8.37258751846
11.0327762396, 8.99396429103
11.0951960122, 8.6242326524
10.9559361314, 8.72085038585
11.2048412376, 9.23486640155
10.5346159825, 8.70747423932
10.7048487765, 8.82926350563
11.0114039069, 8.79752649712
10.8680488415, 8.53192923299
11.1095570517, 8.70080065616
10.5380756313, 8.79110522935
11.1753965076, 9.19588615783
10.6712820922, 8.42167131748
11.1115756287, 8.48168451398
9.44471354759, 8.90995268735
8.23646990501, 10.2145628811
10.1283601873, 8.74920313967
11.2284745122, 8.88450910866
11.267685219, 8.65658193036
11.3355586151, 8.90350248674
11.0876526104, 8.67102974177
11.0386360182, 8.73454264086
10.8042395246, 9.0147343318
10.7617429443, 8.18691964237
10.8738453012, 8.76752668878
10.5102604779, 8.76796725497
10.6465905687, 8.61468853152
10.93233277, 8.49249094278
9.71373356645, 7.96176703917
10.935271871, 8.62870639132
10.7829550061, 8.79822554591
11.0243160134, 9.14319397532
11.0034660926, 8.60240684015
11.1699282821, 8.51097231293
10.9904431807, 8.93208848942
11.3730692994, 8.94044580684
10.8797463908, 8.54880127066
7.99273528024, 9.90583721247
10.8849907189, 8.85103295525
10.0488060982, 9.53344446405
11.3789958074, 8.92957525545
10.8198462135, 8.58451549993
11.2242672035, 8.7174725824
11.3000229062, 8.81190882332
9.50923049114, 8.07660556356
11.1750778396, 8.77726694276
11.1753965076, 8.72043111092
10.8698518031, 8.19291593773
10.8802919033, 8.59764414878
10.4778245213, 9.69032907399
11.0024150741, 8.86854155516
10.1672740216, 9.77870831153
10.3388192092, 8.36862701605
10.8769979927, 8.66183469137
11.4437056246, 9.20022174655
11.0040193984, 8.95865715454
10.8319464515, 8.60240684015
10.6584829051, 8.71977685167
11.0454831039, 8.66426496379
10.5439835454, 8.35154357126
11.0436799475, 8.94335374176
10.953717762, 8.89297518042
11.2722694371, 8.79786639678
10.9757906162, 8.54543415469
11.1478970735, 8.81616246279
9.6086336548, 9.0126571935
11.2642602917, 8.90611546369
9.85910278135, 8.53081604172
11.1406421186, 8.96348701617
10.7538577229, 8.62437470234
10.3528597767, 8.53463372899
10.9164233668, 8.45435373876
11.403304901, 8.75903853989
11.0718710227, 8.79130603392
9.36280749223, 9.28480905315
11.2300141639, 8.78559997469
8.2989696352, 10.6251223144
8.50816276158, 10.3947814219
7.82298424195, 10.2802926639
10.9653252942, 8.43556175837
11.2152885113, 8.73816918757
10.7473583381, 8.74871883527
10.0105246994, 9.75136993079
10.7841901752, 8.53880944064
10.838676742, 9.09231498819
8.14562442844, 10.3537207518
11.2360874159, 8.70819284295
11.2411951668, 9.04857473613
9.61020641348, 9.56443797647
10.9183301145, 9.12774986585
9.17666905359, 8.26564288286
11.374063786, 8.67667596997
9.85070295974, 8.26004925459
11.4357545268, 9.12354995852
10.9374946017, 8.5779423259
10.9798931925, 8.65291505179
10.7743737418, 8.72569251007
10.3430701073, 9.76499487693
10.9798897895, 8.78040483336
10.9737869559, 9.01957027372
9.16712897157, 9.11596704
10.2204620322, 9.05805416614
8.03690883352, 10.0353101378
10.1733752808, 10.1105514408
10.6528071332, 8.44101975904
11.0796682686, 8.81386329551
11.0353970196, 8.64815470786
10.7214549955, 8.03726626555
11.1272642033, 8.59319309979
10.0295956665, 9.46433994452
10.9648813935, 8.64678954591
11.3312538073, 8.80856516824
11.0133095379, 8.90978157887
11.1435914842, 8.26388077664
10.5150072945, 8.64374462017
9.9550350292, 8.57471685091
10.0611666475, 8.22562343911
10.5471752295, 8.35386318667
10.8245713807, 8.94843585643
11.136247887, 8.88212184934
11.2649035602, 8.96384193372
10.5878750887, 8.39113638614
11.0795538809, 8.55418941075
11.0279446398, 8.98115782004
11.4126304089, 8.86376653648
8.13259289542, 10.1253414475
10.3105929033, 9.70426919811
11.2616465797, 8.80334651785
10.1983347794, 9.62281389733
10.6918612976, 8.64429578636
10.9625849073, 8.72282416158
10.3117931435, 9.76812144498
9.71568774697, 9.35607389132
10.704185874, 8.22482168366
11.1200904049, 8.79341947915
11.3131569911, 8.96384193372
11.2022625775, 8.91083304425
8.28622148358, 10.4431927125
9.9008006733, 9.87085217208
9.42108559228, 9.42537292224
9.95937061792, 9.8238695741
8.16582616872, 9.98283457843
8.23244321785, 10.5852627516
10.1139263692, 9.71513827261
10.0235142285, 9.61502009623
10.1336149352, 9.57333880601
9.9502815937, 9.97202562493
10.8996798007, 8.80181021217
11.1460877022, 8.65804966531
10.0638811627, 9.50901413599
11.1905614188, 8.60308949378
10.5184754168, 8.56810389927
9.91713295236, 9.79312885435
