9.30353240315, 11.7744146545
9.33820008965, 11.321406696
9.39028415345, 11.6709711623
9.20970624804, 12.0352948052
9.50551681574, 11.0244237812
9.20388715759, 12.0017064086
9.28624426715, 12.1238593766
9.02755091962, 12.2737045897
9.10920440975, 11.6508220917
9.24028287621, 12.0392108248
9.09931804648, 12.2128726401
9.23267502049, 11.815618814
9.43739387986, 12.1189856848
8.90233588485, 12.0928234424
9.20233472725, 12.1523713499
9.21956122175, 11.9138962992
9.1791665556, 12.0034360537
11.3427775934, 10.8840039236
10.9794251953, 10.9354280398
9.29978304325, 11.9817105051
9.09062021325, 11.401177073
9.39993923856, 11.6072719415
9.38831726749, 11.5411996694
8.70575908189, 11.7409988083
9.54137307693, 11.3366311858
9.22498323661, 11.7461109749
9.61576536484, 11.5468638412
9.32841633722, 12.1372137668
9.35542439619, 11.7911123954
9.69520252538, 11.6996146611
9.16427224243, 10.8414569321
9.24740644807, 11.9802802878
9.30928411809, 11.9384578087
9.05243383984, 12.2088434207
9.7130427737, 11.398340404
10.8134053599, 10.9311137001
9.81999767143, 11.5498163007
11.1371882931, 10.7995524637
9.50649746458, 12.7383202752
9.69213219574, 11.3402441629
11.6685917586, 11.2259688101
11.3452820869, 11.3366129404
8.98601259689, 11.815288432
9.42548835193, 11.5090263948
9.30818987112, 12.0842060865
9.40032515396, 11.3563065489
9.16945191475, 11.9777998459
9.17271022436, 11.4760223501
9.73830576615, 11.5139853535
9.48965756737, 11.5827017701
9.53568321046, 11.6190430613
9.45768600632, 11.6615413702
9.46470895177, 11.9145221606
9.24437463309, 11.3322132261
10.9874081141, 10.8767194779
9.37683949589, 12.213906109
9.62547697262, 10.4594825923
9.19710825765, 11.0249954668
9.64431868979, 12.0718736373
9.63995175723, 11.730900666
9.15267442504, 11.0045546471
9.31610757027, 11.2930440183
9.82918675553, 11.7522811523
9.28128559701, 11.5498419122
9.11603636534, 11.3510653674
11.1167576284, 10.9057905032
9.05975154253, 12.1503524746
11.5632581682, 11.4714717177
9.12278470393, 11.9995412688
9.13262665846, 11.945659459
8.94065758782, 12.2919815826
8.8705680855, 12.0517269684
9.50551681574, 12.2641885899
8.93053007106, 11.8799646771
9.73274777543, 11.495656489
9.35257577503, 12.29546793
9.60140158962, 11.5136395667
9.38530914162, 11.5541503543
9.57023662597, 11.1650247353
9.60701989573, 11.3974046029
9.26635986113, 11.4009329877
9.32814477886, 11.6453088181
9.39743744885, 11.5305976919
9.3224978201, 11.6605790905
9.54923715491, 10.5593154083
9.4282889481, 11.5907116826
9.49092239193, 11.2658982085
9.35015115509, 10.8906306791
9.30231010543, 11.7221593187
9.33717421021, 11.9261550321
9.36280749223, 12.271583434
9.29122688479, 12.5570784052
9.25312147405, 12.2664785168
9.41668991036, 11.8116658951
9.50656319818, 11.7914594673
9.47682850566, 11.800526153
9.41252304657, 11.2504821803
9.22759695456, 11.60169787
9.27386501264, 11.9264195569
9.51199418673, 11.5436577126
9.31324187814, 11.2899655073
9.09233470421, 12.0614088373
9.29899218361, 11.9300577895
9.09687107229, 11.8896005643
9.34252358991, 12.0423815242
9.38231465651, 12.194253863
9.11603636534, 11.0669279478
10.0051757313, 11.155234401
8.9612143504, 11.914651877
9.13554399269, 11.9213160302
9.19931657995, 12.3091751983
9.42788109747, 12.2115087019
9.06143963777, 12.0355669351
11.4645678197, 11.3229259669
11.5665591223, 11.3596642684
9.49595604998, 12.0587900717
9.04370606263, 11.8627165645
9.26292343568, 11.7328390585
9.02716129971, 12.2204289016
9.22216434376, 11.8843705603
9.11463594738, 12.1361686969
9.11834026946, 12.2744718999
9.24998745427, 11.5431045736
10.919851873, 10.8080020542
9.50761521621, 11.2884989391
9.46411564956, 11.2191595218
9.51515280198, 11.2955040684
9.43654901242, 11.6343050012
9.35918139103, 11.7747717113
9.21326348595, 11.4344325203
9.09687107229, 10.6869911657
11.2726059388, 11.0780518272
11.1337820224, 11.0713656875
9.35240985722, 11.6652180148
9.23576513392, 11.6221261181
9.39993923856, 11.4385232823
9.47543510795, 11.8931512912
9.30326766326, 12.0265285846
9.56874503247, 11.6893210651
9.0507959949, 11.7688662448
8.96847144123, 11.6998933053
9.48430284454, 12.2341556315
9.56755336139, 11.8259886825
9.37532800927, 11.6672449769
9.33967733287, 11.7055978659
9.33717421021, 11.4402805278
9.13388251994, 12.1703547011
9.13228129916, 11.9751567673
8.96348701617, 12.0478201033
9.17132129024, 11.9717162861
9.63112366909, 11.4913497759
9.33967733287, 12.115938042
9.35958138924, 12.126999731
11.2595726639, 10.9603243131
9.27391689379, 11.5204251696
9.25927409036, 12.2621363352
9.25927409036, 11.8097919196
8.92225131952, 12.1335098991
9.36901916134, 11.8079400607
9.15675402502, 12.1863789215
9.56205413052, 11.6677875532
9.44585336068, 11.3169643748
9.1242293629, 11.9204607791
9.41292787226, 11.5567448985
11.8652820871, 9.70495989335
9.04525512498, 11.5099722735
9.3658929096, 12.0575451841
9.04625311079, 11.9194005632
9.71690549906, 11.7242238795
9.45621341355, 12.2914916839
9.43406472892, 12.1781784181
9.33952261945, 11.6892182993
9.13112050104, 12.0879150421
9.29445627674, 12.0109867897
9.13911386371, 11.8683357427
9.16241004828, 12.2997289045
9.25807140594, 12.0651336506
9.04217779818, 11.9830681963
9.16090858192, 12.0534086432
8.9041953169, 11.9243056121
9.41325417143, 11.7690745469
9.4153227843, 11.1688109347
9.69213219574, 11.7075098497
10.6125757781, 10.5705516256
11.4142677374, 11.0738257874
9.30479936549, 12.3159944156
11.2958534145, 10.8843407051
9.27615825658, 12.3644560844
9.58419026625, 11.4977702607
9.52932069728, 12.1488356578
9.49756250785, 11.3650151908
9.38050676526, 10.9153663618
11.0511451632, 11.136582151
9.19884401641, 11.9532352347
9.26959258214, 11.9634589333
9.5517332729, 11.5216822936
9.26986691485, 11.6993344659
9.35003545346, 11.7908791286
9.75480264981, 11.4032697022
11.5840431174, 11.3882567258
9.52391677181, 11.5878937558
9.17132129024, 11.43210095
9.49499016272, 11.55973068
9.51955924283, 11.3965551813
9.0121727774, 11.8309156963
11.2006684758, 11.1383642503
9.14316406123, 11.2643021715
9.13881843212, 11.5069729854
10.7963950133, 10.9735236961
9.32261378945, 11.3742289824
9.09912149004, 11.3585517787
11.3772540694, 11.2576047196
11.2745416159, 11.0455346969
11.0294025184, 10.7248531182
9.58787160411, 11.6127621652
9.4876821978, 12.2008402479
11.3815831544, 11.27471308
9.62944864402, 11.027583065
9.41012423592, 11.7069661423
9.61527067979, 11.0249394907
11.6132670563, 11.3691562476
11.3477510175, 11.4880160663
9.18797748847, 11.3368279829
9.59664700898, 11.5923042064
11.8276770149, 10.2115379658
9.37829888534, 11.4577775319
9.3610463954, 11.5540398004
11.3514667791, 11.1683168537
9.07363801676, 11.7985877326
8.78968513924, 11.98797687
9.18962250718, 11.4958915117
9.34084862248, 11.9296296578
9.07541410313, 11.3207847484
9.32915168404, 11.5427579943
9.09732818781, 11.923315853
9.59778950744, 11.5481220065
9.37406177394, 11.5823706321
9.06819889843, 11.759684034
9.70141919704, 11.585397317
9.48133372617, 11.6962771669
9.33985827937, 11.6454390524
9.3805799793, 11.8963050591
9.44164893962, 11.9498295665
12.0254465455, 9.74400224268
9.60869712432, 11.5736289098
9.50928847409, 11.7504025846
9.54923715491, 11.4200643849
9.50656319818, 11.939659769
9.28914502026, 11.5838922556
9.89647065723, 11.6743372928
10.958618979, 10.6892053695
9.30853929289, 11.9565718312
11.7678135535, 11.2215309343
11.4080114018, 11.1851759403
9.40678966269, 11.6332287341
9.82462695932, 11.4037697068
11.1193437372, 10.9315751809
9.81229829647, 11.3389561982
9.23893470892, 11.9743939919
9.65842132549, 11.7687092496
9.84664848626, 11.5275367375
11.5452121085, 11.1335013194
9.40612200616, 11.747846696
9.55960809033, 11.9713271944
9.42304650805, 12.1586906263
9.17517718199, 11.9413491891
9.49748968913, 11.9812896809
9.10646915416, 11.8175950167
11.3636151371, 10.9857869613
10.9436771364, 10.8470359251
