10.3571927938, 9.14285790646
10.432871314, 9.15003321059
10.0029239071, 8.40783997751
9.35207092666, 8.59180601451
10.4245226303, 9.00629918325
9.42484355929, 8.42635897346
9.71874288836, 8.71392368616
9.54009121425, 8.39254321447
10.1895441729, 8.81069380554
9.33702837774, 8.42786672536
9.7832722487, 8.57943226255
9.73976741807, 8.82181057829
9.33983110079, 8.81376882741
9.56406665255, 8.456016137
9.70321406342, 8.35595388918
9.64781940454, 8.38867983571
9.62750476173, 8.49934150667
10.2897255401, 10.1649070852
10.058219361, 10.1550821487
9.42978840086, 8.59216087192
9.66144155187, 8.74018760897
10.4326637731, 8.82252406114
10.3296659676, 9.00816387159
10.3271536722, 8.91580325412
10.3340106558, 9.15361561709
9.67465477032, 8.36946653922
10.0844476566, 9.26620161073
9.65516204312, 8.58235584804
10.095606152, 8.54669397796
10.2825497768, 9.2859401137
10.6998123529, 8.98528165685
9.4346496733, 8.49008586575
9.23625633634, 8.51647613952
9.45010776277, 8.54404486021
10.6165634744, 9.02684930672
10.2530739557, 10.0444054471
10.5155630936, 9.1142698567
9.95033506025, 9.64371010344
9.48229423634, 8.45858920102
9.99265590865, 9.90078225388
10.2811522417, 8.7607195866
10.3149716332, 8.55511736769
9.65002988929, 8.33260832981
9.62454525484, 8.65321558084
9.55119700953, 8.5661700919
10.4703247518, 8.91922539078
9.36301574407, 8.50375936159
10.3527017779, 8.93441120756
10.53858717, 9.02084017041
10.4873424289, 9.1647785853
10.4360041684, 8.90113728546
10.5015980856, 8.84814738795
10.5121214593, 8.82044640126
10.5677111064, 9.04301821976
10.0019571775, 9.93546864661
9.97495301002, 9.91194504731
10.2196897723, 9.51879959553
10.2106277617, 8.95755624199
10.6962071981, 8.71883829165
10.531410742, 8.96568356283
10.5269957962, 9.25612637194
9.86635158269, 9.44728733124
10.2814243471, 8.59120648699
10.1945637855, 8.45953819245
9.40978868901, 10.3133407366
10.4921728903, 8.93808014718
9.55714854619, 8.3540149074
9.79447401937, 8.44270834004
9.66583708326, 8.45428184425
9.51043458467, 8.44277938818
9.47924497493, 8.47080101942
9.65433385113, 8.52062716171
9.62761531587, 8.59489702939
9.72414542207, 8.53293582668
10.4480283996, 9.0621250814
9.63945193756, 8.66073158371
10.2905174781, 9.0455288864
10.3916199933, 8.89840694388
10.5217807411, 9.34420901077
10.5774350382, 8.89814746276
10.2999631593, 8.85747782249
10.520525658, 9.01896706982
10.4965481229, 9.14562930819
10.4287180657, 8.93493693929
10.5959631731, 9.00710893115
10.4249053191, 8.85413352494
10.1732800685, 8.87824933756
10.5631330126, 9.15230795028
10.2594634963, 9.30112578515
9.48065958161, 8.5111524508
9.73198707143, 8.59576247117
9.63294405725, 8.5460237789
9.38151083023, 8.60345954671
9.54213689687, 8.40931569715
10.5353936607, 9.12817546478
10.1126214948, 8.64661648419
9.87280042126, 8.76235388189
10.1396197272, 8.91147277015
9.84611930846, 8.49693099195
10.0328112777, 8.96879069186
10.5133785529, 8.89139584054
9.9480068702, 8.58026132442
9.70105718367, 8.73097394369
9.61663176061, 8.47302370886
9.6221420586, 8.46371966519
9.67776968705, 8.64208995772
10.3490242139, 9.37526503569
10.8287663859, 8.88374855947
9.69800913002, 8.68971747216
9.93788028211, 8.62596821759
9.52268096407, 8.49075705702
9.60976635797, 8.3951560131
9.73392181492, 8.53886968667
9.68776525404, 8.38186303218
10.5867608366, 8.81045685732
9.5364933099, 8.47050359466
9.72843944373, 8.42936603682
9.90322081775, 8.65368577677
9.7821799918, 8.41061517875
9.57390915015, 8.47868271767
9.66906079362, 8.51721892902
9.71475125834, 8.47955178383
10.6134476451, 8.97387213331
10.4556587863, 9.03548786491
10.4638553344, 8.85426756091
10.2896761439, 9.02710264803
10.4444770152, 9.01713228353
9.97315468404, 9.05338853292
10.5811696303, 8.88006450998
10.3926138167, 9.00738469064
10.52737683, 8.82193884369
10.1888534773, 8.89807891919
10.1379477878, 8.888124485
10.6068861036, 9.09084491661
10.4141627092, 8.97847748335
10.7778487036, 9.15570716328
10.5993387996, 8.61999611478
9.59051796222, 8.55526060189
10.250231226, 8.53145121237
9.59365648846, 8.4475656325
10.0724752282, 8.70277866992
10.301034893, 9.00002860823
10.5421438123, 8.82944835855
10.3372130417, 8.87790368732
10.438349647, 9.09575763587
9.96149282652, 8.65568934179
9.52704632992, 8.50422555936
9.42636522005, 8.4455887932
9.46204659223, 8.41640382301
9.45488838615, 8.44039706244
10.4869555313, 9.1297056989
9.8436067271, 8.62598037258
10.0096754966, 8.60935499418
10.0062225995, 9.82402354045
10.0666145086, 8.68006687383
9.46303969243, 8.49767637184
10.2015643732, 8.77944032997
9.87656099251, 8.78242302663
9.92463331852, 9.391034041
9.91448440463, 8.46194030791
10.6360460228, 9.03385288218
9.25759865995, 8.6008071463
9.58466858791, 8.38275659979
10.5262269027, 9.06382423208
10.3633834905, 9.16770977696
10.2545089866, 9.12879423489
10.4903482814, 8.69600057436
9.46623822088, 8.60913249042
10.3924424422, 8.65927999786
9.11755506303, 8.74154259688
9.60016320181, 8.4702764617
10.602707986, 8.88320509261
9.7887599344, 8.78562565494
9.47945734446, 8.65191075465
9.688988073, 8.80379022786
9.63796133659, 8.63548682966
9.65425375311, 8.47533182511
9.56519217784, 8.62888703052
9.65437479894, 8.45108017077
10.016147607, 8.60030155715
10.6048629758, 8.73536797034
10.6325909479, 8.70943974102
10.0553742385, 8.98943153455
10.6776329119, 8.65879592343
9.70380464853, 8.52876023328
9.64393182913, 8.37815217408
10.1684354764, 8.97167493859
9.69714188951, 8.39406679231
10.0606157871, 9.22910361493
10.4838503299, 8.74759034264
10.551389972, 8.91074910663
10.487652137, 8.99715326698
10.4040902943, 9.04395110116
10.4307394554, 8.56006671552
10.0406596136, 9.14064441293
10.5470277521, 9.16153907727
10.6621273028, 8.95983906779
9.70505722954, 8.88275885213
10.6106153629, 8.9480014769
10.1394914185, 8.56207513056
10.3705397323, 9.29604510637
10.6428179734, 9.15783052888
10.3433646174, 8.71919646316
10.4692553112, 9.03117040411
9.72202125046, 8.60991518563
10.6890355397, 9.11616398975
10.8364049975, 9.32159254122
9.78584269515, 8.39453816037
10.5262786419, 9.12730392429
9.73624632128, 8.49563416969
10.5554398932, 8.98998689905
10.3241151576, 8.58170836044
10.37261787, 8.8175608024
10.6119110636, 8.86610042219
10.428551063, 9.13912336436
9.84652131214, 8.3574429947
9.40161644383, 8.43504176064
10.1814673119, 9.88455038966
9.83527221214, 9.04490347504
9.98339567917, 9.63100992791
10.6597106213, 8.98240894613
9.85775515912, 9.64945034424
10.5513306077, 9.15423468032
10.3043905746, 9.32700981496
9.74495397161, 9.74982481054
10.4508970036, 9.09183740158
10.4423491799, 9.10726565312
10.4185705081, 8.87668030404
9.5945759243, 8.55393957361
9.48076875837, 8.6628591424
10.5104696178, 9.09833543317
9.7314807361, 8.71797856374
9.90625264723, 8.24672890095
10.0837942697, 8.60735435304
9.55497651043, 8.35423254594
10.5152715695, 9.02720872135
10.4663981109, 9.17258579195
10.2663955542, 8.96703605526
10.2286900624, 9.02644903007
10.5252143864, 8.93267334716
10.519243223, 8.84534686277
10.3813879778, 8.75283481069
10.3074740413, 9.00584065368
10.6584452694, 9.10118631365
10.4236691687, 8.78792488894
10.5220978504, 9.27774007575
10.2194804323, 8.8089743492
10.3591684906, 8.92578737823
10.3598028197, 8.84469751132
9.79190221015, 9.98931533136
9.70945478597, 9.80310215354
10.4435037607, 8.79178207687
9.96912064137, 9.84398746151
10.6712288062, 8.97894643051
10.4138215286, 8.90629995748
10.6662957151, 8.98300732931
10.514098237, 9.25255207042
10.5237626912, 8.96130273045
10.0938602761, 8.90281012956
10.5098447452, 9.05176131391
10.3277758694, 9.34596868479
10.2272736814, 9.19927968171
10.1023347767, 8.61541727691
10.5252376458, 9.03735090028
9.60699709838, 8.32621108619
10.5460740303, 8.76677229536
10.1633553379, 8.26839122788
10.3552019624, 8.85394277869
10.3045385258, 8.62693622899
10.5876915003, 9.1967921615
