0.592
0.708
0.65
0.825
1
0.692
0.575
1
0.617
0.275
0.492
0.808
0.758
0.192
1
0.4
0.15
1
0.831
0.095
0.825
0.692
0.5
0.991
0.717
0.108
0.617
0.242
0.192
0.788
0.337
0.808
0.683
1
0.956
0.377
0.075
0.65
0.342
0.492
0.317
0.592
1
0.167
0.725
0.208
0.85
0.95
0.9
0.233
0.892
0.308
0.933
0.742
0.358
1
0.867
0.108
0.533
0.333
1
1
0.975
0.475
0.883
0.192
1
0.883
0.858
1
1
0.65
0.725
0.292
0.858
0.683
0.992
1
0.258
0.883
0.908
0.034
0.183
0.25
0.339
0.862
0.475
0.158
1
0.775
0.992
0
0.942
0.283
1
0
0.642
1
0.367
0.217
1
0.775
1
0.783
1
0
0.933
0.942
1
0.517
0.917
0.667
0.292
0.95
0.25
0.585
0.283
0.958
0.917
0.783
0.682
0.983
0.858
0.508
0.225
0.942
0.433
1
0.847
0.517
0.958
0.489
1
0.717
0.775
0.871
0.839
0.017
0.022
0.733
0.525
1
0.408
1
0.975
1
0.892
1
0.825
0.842
0.975
0.898
1
1
0.992
0.875
0.792
0.767
0.833
0.958
0
0.167
0.508
0.925
0.892
0.342
1
0.833
0.808
0.508
0.283
1
0.933
1
1
0.908
0.008
0.254
0.617
0.925
0.817
0.867
1
0.867
1
0.308
0.542
0.733
0.967
0.967
0.6
0.525
0.888
0.729
0.142
0.8
0.478
0.358
1
0.125
0.775
1
0.833
1
1
0.805
0.992
1
0.683
0.373
1
0.575
0.65
0.975
0.817
0.983
0.703
0
0.575
0.733
0.275
0.608
0.283
0.558
0.05
0.208
0.95
0.933
1
0.308
0
0.898
1
0.708
0.341
1
0.941
0.45
0.283
0.933
0.35
0.432
0.25
0.825
1
1
0.9
0.692
0.95
0.733
0.833
0.892
1
0.958
1
1
0.808
0.325
1
0.39
0.633
0.825
0.717
0.15
1
0.625
0.95
0.908
0
0.342
0
0.733
0.708
0.625
0.775
0.733
0.567
0.5
0.333
0.306
1
0.712
0.775
0.724
0.683
1
0.583
0.802
0.975
0.55
0.767
0.9
0.75
0
0.975
0.239
0.417
0.167
0.4
0.933
0.558
0.975
0.192
0.592
0.758
0.783
0.067
0.142
1
1
0.75
0.767
1
1
0.808
0.953
1
0.85
0.767
0.275
0.083
0.9
0.867
0.517
0.95
0.85
1
0.65
0.983
0
1
0.433
1
0.858
0
1
0.825
0.492
0.864
0.698
0.575
0.942
1
0.958
0.583
0.783
0.142
0.925
0.775
0.967
0.647
0.7
0.788
0.133
0.867
1
0.908
1
0.617
0.767
1
0.868
0.9
1
0.458
0.558
1
0.708
0.992
0.042
0.975
0.817
0.898
0.192
1
0.775
1
0.35
0.242
0.254
1
0.424
0.958
0.767
0.814
0.858
0.808
0.508
0.308
0.867
0.858
0.625
0.321
1
1
0.875
0.933
0.633
0.917
0.233
0.425
0.658
0.867
0.789
0.792
0.958
0.95
0.817
0.5
0.858
0.5
0.675
0.633
0.775
0.633
0.611
0.942
0.254
0
0.375
0.557
0.992
0.058
0.7
0.942
0.258
0.625
0.233
0.325
1
0.8
1
1
0.417
1
1
0.383
0.983
0.825
0.892
0.808
0.733
0.847
1
0.958
0.958
0.892
0.967
0.275
0.008
0.967
0.407
1
0.276
0.892
0.116
0.992
0.17
0.3
0.092
1
1
0
0.942
0.667
0.833
0.742
0.767
0.467
0.949
0.425
1
0.967
0.963
0.817
0.825
0.875
1
0.3
0.858
0.678
1
1
0.739
0.983
1
0.975
0.17
1
0.441
0.758
0.372
0.508
0.425
0.192
0.417
1
0.148
0.767
0.583
0.603
0
0.583
0.7
0.908
0.6
0.992
0.692
0.733
0.658
0.917
0.708
0.712
0.5
0.92
1
0.95
0.992
0.708
1
0.439
0.117
0.875
0.458
0.75
0.817
0.667
0.158
0.225
0.892
0.975
0.275
0.842
0.778
0
0.242
0.949
1
1
1
1
0.542
0.035
0
0.35
0.825
0.841
0.135
0.367
0.967
0.892
0.867
0.754
1
0.917
0.233
0.708
0.567
0.45
1
0.942
1
0.317
0
0.924
0.783
0.85
0.783
1
0.292
0.583
1
0.242
0.742
0.708
0.783
0.381
0
0.308
0.858
0.683
1
1
0.783
0.878
0.792
0.808
0
0.953
0.212
0.55
0.325
1
0.383
0.392
0.783
0.708
1
0.558
0.95
0.955
0.775
0.058
0.9
0.583
1
0.325
1
1
0.542
0.925
0.103
0.847
0.058
0.408
1
0.325
0.917
0.942
0.842
0.042
1
0.569
0.814
0
0.142
1
0.175
0.983
0.117
1
0.467
0.871
0.648
1
0.933
0.333
1
0.867
0.7
0.805
0.525
0.975
0.655
1
0.767
0.425
0.925
0.05
0.833
0.958
0.483
1
0.692
0
0.958
1
1
1
0.592
0.433
0.392
1
0.925
0.908
0.825
0.592
0.467
1
0.1
0.542
0.942
0.875
0.667
0.733
1
0.733
0.742
0.692
0.805
1
1
0.557
0.908
0.667
0.142
0.85
1
0.658
0.802
1
1
1
1
0.292
0.625
1
0.8
0.817
0.675
1
0.908
0.65
0.708
0.817
1
0.398
1
1
1
0.558
0.825
1
0.314
0.05
0.242
1
0.692
0.875
0.992
0.783
1
1
0.85
0.817
0.225
1
0.833
0.767
0.892
0.217
1
0.3
0.433
0.425
0.95
0.408
0.867
1
0.808
1
1
0.458
0.875
0.69
0.784
0.982
0.417
0.602
1
1
0
0.297
1
0.2
0.656
0.258
0.95
1
0.867
1
0.992
0.883
0
1
0.614
0.75
0.035
0.842
0.608
1
0.275
0.083
0.25
1
0.992
1
0.693
0.883
0.967
0.198
0.091
0.983
0.958
0
0.192
1
1
0.542
0.292
1
0.942
0.096
0.533
0.825
1
0.142
0.442
0.298
1
0.692
0.942
0.167
0.267
1
1
1
0.892
0.7
0.133
0.708
1
0.842
0.092
0.483
0.65
0.633
0.784
0
0.775
0
0.36
0.967
0.567
0.958
0.775
1
0.975
0.943
0.083
0.375
1
0.508
1
0.25
0
0.442
0.508
0.908
0.967
0
0.703
0.858
1
0.808
0.7
0.917
0.967
0.983
0.981
0.792
0.508
0.983
1
1
0.675
0.422
1
0.95
0.958
0.216
0.142
0.853
0.75
0.425
1
0.658
0.883
1
0.375
0.636
1
0.892
1
0.2
0.808
0.542
0.644
0.183
0.45
0.822
0.292
0.7
0.442
0.892
0.883
0.864
0.275
1
0.342
0.367
0.842
1
0.85
0.858
0.508
1
0.592
1
1
0.967
0.908
0.858
0.9
1
0.908
0.208
0.85
0.8
0.725
0.975
1
0.967
0.783
1
0.925
0.667
1
0.167
0.15
0.925
0.583
0.667
0.792
1
0.817
1
0.383
0.767
0.725
0.93
0.742
0.617
1
1
0.183
0.254
0.483
0.383
0.08
0.225
1
0.467
0.958
0.9
0.733
0.325
0.842
0.983
0.567
0
0.517
0.975
0.05
0.742
1
1
0.95
0.425
0.858
1
0.583
0.967
0.025
0.95
0.854
0.867
0.942
0.633
0.767
1
0.067
0.658
1
0.083
1
0.825
0.633
0.833
1
1
0.741
0.375
0.942
1
0.933
0
0.817
0.983
0.33
0.908
0.992
1
0.033
0.058
0.925
0.958
0.55
0.158
0.392
1
0
1
0.489
0.426
0.367
1
1
0.983
0.992
0.2
0.692
1
1
0.233
0.658
0.759
0.822
0.95
0.883
1
0.956
0
0.973
0.932
0.442
0.892
1
0.907
0.4
0.908
0.325
0.417
0.65
1
0.8
1
0.384
0
1
0.85
0.107
0.85
0.817
0.85
1
1
1
0.292
0.967
0.455
0.492
0.889
1
0.658
0.544
0.492
0.831
0.342
0.35
0.305
1
1
0.367
0.933
0.283
0.5
1
0.642
1
0.567
0.466
0.517
0.75
0.983
1
0.883
0.917
1
1
0.808
0.983
1
0.917
1
1
0
0.833
0.425
0.9
1
0.742
0.883
1
0.768
0.967
0.275
0.525
0.6
0.847
1
0.958
0.633
0.892
0.8
0.758
0.767
0.717
0.907
0.842
1
0.742
0.875
0.183
0.858
1
0.925
0.492
0.925
1
0.894
0.842
0.358
0.949
1
0.275
0.925
0.742
0.167
0.975
0.758
0.616
0.233
0.033
0.5
1
0.533
0.925
0.932
1
1
0.342
1
1
0.983
0.842
1
0.75
1
0.025
0.314
0.367
0.692
1
1
0
0.692
0.775
0.076
0.833
0.8
0.358
0.158
0.617
0.811
1
0.258
0
0.817
1
0.908
0.333
0.892
0.911
0.992
0.958
0
0.717
0.967
0.983
0.992
0.229
0.658
1
1
0.856
0.183
0.892
0.633
0.517
0.375
0.842
0.958
0.858
0.433
0.712
0.992
1
0.117
0.683
1
0.517
0.533
0.767
0.792
0.725
0.583
0.55
0.858
0.675
1
0.864
0.534
0.808
0.375
0.625
0.467
0.351
0.767
0.192
0
0.492
1
0.9
0.89
0.85
1
0.775
0.825
0.817
1
0.258
0.847
0.508
0.183
0.314
0.983
0.308
0.117
0.3
0.183
0.817
0.65
0
1
0.317
0.25
0.573
0.925
0.675
0.925
0.917
0.788
0.775
0.65
0.108
0.929
1
0.892
0.008
0.3
0.875
1
1
1
1
1
1
0.4
0.667
1
1
0.833
0.716
0.075
1
0.925
0
0.742
0.322
0.233
0.415
0.875
0.656
0.75
0.175
0.758
1
0.458
1
0.908
0.067
0.833
0.725
0.75
0.674
0.842
1
1
0.258
0.825
0.367
1
0.867
0.158
1
1
1
0.583
0.517
0.95
0.908
0.842
0.258
0.692
0.783
1
0.025
0.692
0.5
0.69
0.833
0.417
0.342
0.967
1
0.833
1
0.492
0.183
0.875
0.442
0
1
0.712
0.517
0
0.25
0.3
1
1
0.992
0.692
0.492
0.583
0.742
0.692
0.65
0.775
0.125
0.817
1
1
1
1
0.133
0.275
0.783
0.737
0.85
0.246
0.758
0.05
0.442
0.933
0.142
0.783
0.892
0.767
1
0.966
0.989
0.233
1
0.814
0.542
1
0.867
0.108
0.528
0
0.117
0.883
0
0.408
0.858
0.858
0.25
0.633
1
0.483
0.917
0.525
1
0.375
0.575
0.925
0.352
0.283
0.4
0.822
0.692
0.667
0.908
0.833
0.9
1
0.783
0.833
1
1
0.792
0.839
0.983
0.033
0.28
0
0.375
0
0.737
0.783
1
0.008
0.698
0.95
0.808
0.892
0.455
1
0.833
0.883
0.592
0.892
1
0.592
0.433
0.492
1
0.908
0.75
1
1
0.092
1
0.992
0.761
0.542
0.692
0.183
0.967
0.325
0.375
0.725
0.142
0.308
0.267
0.417
0.575
1
0.789
0.05
0.708
0.883
0.7
0.342
0.917
0.242
1
0.992
0.583
0.933
0.883
0.575
0.142
0.8
0.931
0.892
0.358
0.983
1
0.775
0.658
0.5
0.331
0.092
0.833
0.655
1
0.917
0.331
0.967
1
0.675
0
0.793
0.758
1
1
0.583
0.35
0.842
0.933
0.533
0.792
1
1
1
0.533
0.783
0.833
0.942
0.592
0.659
0.233
0.364
0.4
1
0.371
1
0.275
1
1
1
0.991
0.085
0.183
0.085
1
0.958
0.8
0.133
0.933
0.558
0.275
0.783
0.683
1
0.942
0.909
0.275
0.983
1
0.867
0.317
0.091
1
0
0.287
0.698
0.125
0.85
0.717
0.892
0.833
0.225
0.242
0
1
1
0.892
0.95
1
0.611
0.458
0.675
0.633
1
1
0.25
0.325
0.7
0.817
0.966
0.992
0.777
0.542
0.844
1
0.917
0.883
0.092
0.55
0.658
0.092
0.233
1
0.958
0.858
0.992
0.648
0.933
0.15
0.958
0.783
0.179
0.917
1
0.567
0.55
0.642
1
0.708
0.842
0.92
1
0.833
0.5
0.653
0.767
0.675
0.466
0.067
0.033
0.878
0.675
1
1
0.308
0.567
0.583
0.358
0.275
0.975
0.608
0.625
0.883
0.042
0.25
0.683
0.305
0.325
0.292
0.717
0
0.071
0.958
0.208
0.833
1
1
0.525
0.783
0.067
0.817
0.975
0.775
0.967
0.879
0.992
1
0.67
0.708
1
0.739
0.39
1
0.6
0.936
0
1
1
0.992
0.466
0.942
0.212
1
0.317
1
1
0.592
1
0.775
0.992
0.6
0.186
0.989
0.908
0.783
0.333
1
0.6
0.85
0.767
0.7
0.297
0.483
0.558
0.808
0.092
0.725
0.075
0.233
0.875
0.217
0.875
0.133
0.858
0.875
0.658
0.091
1
0.083
0.55
0.525
1
0.833
1
0.333
0.983
0.658
0.475
0.675
0.974
0.775
0.725
0.942
0.1
1
0.992
0.917
0.775
0.358
0.583
0.229
0.975
0.367
0.95
0.742
0.925
0.383
0.975
0.883
0.017
0.908
0.619
0.442
1
1
0.583
0.967
0.292
0.442
0
0.55
0.302
0.667
0.933
0.119
0.258
0.95
0.917
0.925
0.467
1
1
0.358
1
0.017
0.72
0.367
0.217
1
0.117
0.933
0
1
0.933
0.867
0.092
0.85
0.817
0.517
0.864
0.5
0.108
0.958
0.867
0.417
0.008
0.267
0.318
1
0.483
0.4
0.25
0.975
0.833
1
0.658
0.4
0.85
0.925
0.925
0.392
0.608
0.358
0.908
0.864
0.258
0.924
0
1
1
0.942
0.292
0.75
0.958
0.975
0.975
0.883
1
0
0.917
0.9
0.742
0
0.758
0.822
0.942
1
0.75
0.925
0.317
0.867
1
1
0.942
0.667
0.542
0.2
0.567
0.175
0.825
0.884
0.25
1
1
0.808
0.592
1
0.875
0.825
0.733
1
0.517
0.875
0.925
0.675
1
0.619
0.933
0.792
1
0.858
0.992
0.842
0.45
0.692
0.783
0.842
0.915
0.75
1
0.667
0.5
0.989
0.408
0.633
0.925
0.383
0.808
0.943
0.833
1
1
1
0.925
0.842
0.692
0.875
0.558
1
0.933
0.367
0.258
0.983
0.57
0.583
0.933
0.217
1
1
1
0.522
0.661
0.941
0.192
1
0.967
0.808
0.8
0.592
1
0.263
0.917
0.758
0.408
1
0.408
0.375
1
0.417
0.3
1
0.627
0.375
0.333
1
0.275
0.517
0.667
1
0.433
0.875
0.367
0.72
0.717
1
0.847
0.273
1
0.5
0.6
0.067
0.183
0.892
1
0.941
1
0.858
0.858
0.314
0
0.742
0.792
0.3
0.867
0.975
0.967
0.892
1
0
0.717
0.94
1
0.867
0.158
0.65
0.125
1
0.267
0.375
0.881
0.308
0.55
1
1
1
0.058
1
0
0.858
0.375
0.864
0.817
0.842
0.025
0.841
1
0.911
0.842
0.8
0.068
0.225
0.958
0.425
0.867
0.925
0.225
0.383
1
0.542
0.858
0.933
0.642
0.025
0.967
0.122
0.767
0.833
0.708
0.25
0
0.158
0.992
0.833
0.933
1
1
0.708
0.667
0.208
0.15
0.183
0.675
0.892
0.242
0.767
0.158
0.754
0.85
0.814
0.8
0.983
0.783
0.783
0.95
0.9
0.608
1
1
0.883
1
0.883
0.433
0
0.758
0.733
0.942
0.175
0.683
0.992
0.675
0.842
0.642
0.567
1
0.8
1
0.358
0.345
0.7
0.975
0.908
0.648
0.242
0.042
0.842
0.067
0.617
0.75
0.627
0.992
1
0.784
0.783
0.75
0.966
1
0.3
0.583
0.052
0.457
0.942
0.292
1
1
0.983
0.733
0.358
1
0.292
1
0.291
1
0.975
0.95
0.375
0.833
0.988
1
0.267
0.508
0.792
0.726
0.85
0.283
0.783
0.408
0.763
1
1
1
0.892
0.95
0.917
0.833
0.75
0.55
0.958
1
1
0.404
0.922
0.908
0.975
0.742
0.775
0.217
0.742
1
0.55
0.725
0.608
0.583
1
0.017
1
1
0.508
0.729
0.557
1
0.808
1
0.102
1
0.7
0.783
0
0.667
0.89
0.317
0.542
0.525
0.967
1
0.867
0.683
0.017
0.975
0.8
0.908
0.933
0.458
0.867
0.925
0.8
0.592
0.192
0.375
0.562
0.875
0.842
0.058
1
0.975
0.442
0.65
0.407
1
0.817
0.05
1
0.325
1
1
1
0.933
0.867
1
1
0.95
0.792
0.983
0.042
0
0.358
1
1
0.533
0
1
0.492
0.708
0.225
0.6
0.15
0.825
0.5
0.933
0.992
0.933
0.658
1
0.483
0.35
1
1
0.792
0.242
0.142
0.892
0.883
0.492
0.192
0.075
0.867
1
1
0.925
0.167
1
1
0.358
1
1
0.192
0.658
0.067
0.608
0.925
0.076
0.858
0.83
0.783
0.483
0.957
0.992
1
1
0.425
1
0.858
0.892
0.858
1
0.808
1
0.6
0.092
0.717
0.458
0.692
1
0.733
0.125
0.858
0.808
0.767
0.958
0.836
0.182
0.593
0.992
1
0.608
0.733
0.883
1
0.7
0.8
0.1
0.742
0.373
0.65
0.308
1
0
1
0.233
0.067
0.925
0.957
0.642
0.7
0.817
0
0.023
0.5
0.225
0.5
0.333
0.125
0.733
0.233
1
1
1
0.283
0.967
0.508
0.716
0.867
0.617
0.658
1
0.907
0.456
0.989
1
1
0.975
0.225
0.95
0.183
0.842
1
0.642
0.725
0.955
0.067
0.992
0.458
0.992
0.983
0.975
0.509
0.2
0.3
1
0.575
0.9
0.983
1
0.442
0.955
0.283
0.75
0.55
0.442
0.7
0.883
0.708
0.725
1
1
0.717
0.408
0.136
0.767
1
0.575
0.25
0.908
0.467
1
0.983
1
0.767
0.142
1
0.817
0.92
0.675
0.617
1
1
0.567
1
0.7
0.225
0.475
0.675
1
1
0.992
0.9
1
1
0.408
0.95
1
1
1
0.975
0.175
0.817
1
0.275
0.717
0.625
1
0.808
1
0.763
0.172
0.925
0.026
0.442
0.9
0.883
0.333
1
0.958
0.702
0.095
0.746
0.625
0.275
0.517
0.958
0.975
0.992
0.708
1
0.575
0
0.05
0.783
0.292
0.783
1
0.333
0.958
0.325
1
0.817
0.808
0.724
0.725
0.833
0.317
1
0.992
1
0.092
0.667
0.423
0.633
0.989
0.775
0.483
0.051
0.932
0.792
1
0.258
0.717
0.965
0.533
1
1
0.633
1
0.708
0.025
0
0.858
1
0.758
0.758
0.559
0.8
1
0.925
0.783
1
1
1
0.042
0.991
0.375
0.244
0.558
0.525
0.192
0.15
0.5
0.949
0.333
1
0.35
0.45
1
0.008
0.067
0.875
0.983
0.867
1
0.925
0.883
1
0.892
1
0.242
0.067
0.746
0.922
0.808
0.258
1
0.975
1
0.608
0.758
1
0.6
0.703
0.817
0.967
0.2
0.042
1
0.133
0.233
0.833
0.025
0.983
0.692
0
0.9
0.958
0.025
0.433
0.1
0.975
0.583
0.441
0.267
0.108
1
0.917
0.617
0.258
0.883
0.85
0.85
0.642
0.783
0.883
0.992
0.658
1
0.75
1
0.958
0.55
0.017
1
0.783
1
1
0.617
0.933
0.258
0.833
0.767
0.833
0
0.831
0.992
0.415
0.939
0.36
1
0.083
0.833
0.817
0.825
0.917
0.983
0.733
0.512
0.474
1
0.958
0.83
0.975
0.883
0.116
0.466
1
1
0.466
1
0.75
0.112
0.542
0.275
0.508
0.083
1
0.7
0.533
1
0.008
1
0.717
1
0.924
1
0.5
0.725
0.9
0.233
1
0.2
1
0.633
0.508
0.123
0
0.042
0.783
0.815
1
0.675
0.733
0.729
1
0.692
0.292
0.3
1
1
0.1
1
1
0.922
0.795
0.917
0.185
0.858
0.908
0.408
1
1
0.85
0.717
0.85
0.975
0.975
1
0.35
0.783
0.483
1
1
0.967
0
0.875
0.842
1
0.825
1
0.058
1
0.958
1
0.758
0.933
0.4
0.958
0.758
0.983
0.533
0.925
0.708
0.725
0.542
0.65
0.542
0.617
0.967
0.793
0.508
0.618
1
0.35
0.492
0.908
0.517
0.267
1
0.441
1
0.667
0.675
1
0.917
0.992
0.767
0.958
0.767
0.75
1
0.117
0.1
1
0.983
0.94
0.383
0.942
0.933
0
1
0.817
0
0.65
0.375
0.415
1
0.742
0.858
0.017
0.655
0.917
0.773
0.017
0.942
0.45
0.576
0.492
0.1
0
0.958
1
0.686
0.69
0.258
0.783
0.958
0.792
0.583
0.717
1
0.025
0.784
1
0.246
0.833
0.858
0.625
0.5
0.242
1
0.5
0.45
0.817
0.308
0.575
0.867
0.133
1
0.7
1
1
0
0.967
0.75
0.908
0.842
0.933
0.768
1
0.983
0.817
0.742
0.843
1
0.375
0.9
1
0.767
1
0.737
1
0.25
0.983
1
0.898
0.633
0.283
0.808
0.208
1
0.817
0.817
0.992
1
0.408
1
1
0.917
0.085
0.775
1
0.592
0.958
0.692
1
0.711
1
0.667
0.633
0.15
0.892
1
0
1
0.592
0.224
0.55
0.942
1
0.575
0.283
0.892
0.58
0.933
1
0.883
0.186
1
0.133
1
0.65
0.667
1
0.75
1
1
0.367
0.138
1
0.568
0.858
0.692
0.408
0.023
0.683
0.542
1
0.383
0.942
0.858
0.7
0.592
0.892
1
0.858
0.95
0.552
1
0.317
0.825
1
0.125
0.608
0.692
1
1
1
1
0.009
0.242
0.675
0.142
0.033
0.533
0
1
0.975
0.725
0.669
1
0.658
0.983
0.458
0.742
0.686
0.917
0.517
0.941
0.642
1
0.075
0.8
0.65
1
0.833
1
0.25
0.633
0.692
1
0.583
0.875
0.883
0.383
1
1
0.925
0.708
0.758
0
0.783
1
0
0.95
0.85
0.425
0.717
0.483
1
0.658
0.784
0.642
0.158
0.233
0.208
0.908
0.917
0.192
0.867
1
0.767
0.942
0
0.592
0.042
1
0.95
0.858
1
0.442
0.975
1
0.575
1
0.95
0.792
1
0.9
0.908
0.325
1
1
0.633
0.617
0.483
0.683
1
0.742
0.698
0.467
0.949
0.642
1
1
0.483
0.142
0.108
0.632
0.825
0.725
1
0.763
0.925
0.042
0.525
1
0.775
0.833
0.975
0.008
0.548
0.5
1
0.85
0.242
0.983
0.817
0
0.983
0.425
0.483
0.525
0.67
0.567
0.375
1
0.883
0.983
0.8
1
0.942
0.167
1
0.983
0.864
0.308
0.975
0.683
0.425
0.675
0.892
1
0.65
1
0.775
0.733
0.767
0.792
0.958
1
1
0.75
1
0.942
0.975
0.825
0
1
1
0.175
0.948
0.717
1
0.892
0.583
0.075
0.8
0.042
0.771
1
0.129
0.958
0.667
0.119
1
0.058
0.414
1
0.432
0.425
0.658
1
0.922
0.033
1
0.898
0.908
0.567
0.892
0.042
0
0.917
0.817
0.144
0.375
0.875
0.8
1
0.842
1
0.808
0.093
1
1
0.883
0.5
0.183
1
0.992
0.792
1
1
1
0.147
0.8
0.642
0.975
0.992
0.175
0.008
0.8
0.85
0.642
1
0.667
0.792
0.958
0.942
0.073
0.3
1
1
0.742
0.842
0.716
0.93
0.795
0.35
0.908
0.467
0.783
0.792
0.35
0.792
0.729
0.55
0.717
0.942
0.825
0.7
1
0.857
0.9
0.675
0.008
1
0.136
0.907
0.783
0.975
1
0.058
1
0.658
0.917
0.892
0.217
0.686
1
0.591
0.675
0.347
0.475
0.867
1
0.908
1
0.842
0.842
0.742
0.203
0.583
0.65
0.75
0.992
0.842
0.117
0.717
0.917
0.633
0.875
0.754
0.817
0.739
0.758
0.15
1
0.875
1
0.258
0.825
0.871
0
0.992
0.9
0.783
0.85
0.35
1
0.833
0.867
1
1
0.708
0.808
0.932
0.192
1
0.708
0.358
1
0.808
0
0.9
0.924
0.758
0
0.258
0.033
0.492
1
0.339
0.283
0.178
0.342
1
0.892
0
0.208
0
0.917
0.892
1
0.492
0.967
0.908
0.592
0.508
0.258
0.4
0.907
0.8
0.792
0.172
1
0.5
0.6
0.958
1
1
0.092
1
0.75
0
0.433
0.608
0.65
0.925
0.717
1
0.95
1
1
1
1
0.933
1
0.708
0.608
0.064
0.508
0.942
0.342
0.908
0.6
0.868
1
0.125
0
1
0.557
0.55
0.325
0.508
0.833
0.525
0.667
0.758
0.292
0.783
0.942
0.917
0.517
0.508
1
0
0.642
0.25
0.873
0.817
0.841
0.933
0.933
0.386
1
0.033
0.375
0.708
0.683
0.771
1
0.708
0.967
0.958
0.508
0.717
1
0.708
0.942
0.942
0.875
0.792
0.683
0.983
0.932
1
1
0.25
0.75
0.85
0.75
0.733
0.867
0.88
0.233
0.942
0.883
0.208
0.167
0.8
0
0.892
0.648
0.208
0.608
0.433
0.933
0.875
0.653
0.217
0.833
0.833
1
0.051
0.542
0.942
0.708
1
0.992
0.883
1
0.283
0.833
0.708
1
1
0.583
0.737
0.925
0.817
0.817
1
0.45
0.707
0.034
0.867
0.225
0.95
1
0.117
0.533
1
0.932
0.875
0.367
0.983
0.85
0.55
0.975
0.925
0.883
1
0.475
0.212
0.85
0.808
0.4
0.392
1
1
0.825
0.808
0.833
1
1
0.602
0.333
0.533
0.017
0.842
0.867
0.089
0.808
0
0.775
0.825
1
0.828
1
0.925
0.375
0.275
0.908
0.142
0.75
0.542
0.925
0.025
0.636
0.317
0.725
1
0.95
0.908
0.333
0.933
0.425
0.644
0.551
0.925
0.825
0.442
0.858
1
0.011
0
1
0.942
1
0
0.034
0.3
1
0.867
0
0.442
0.941
0.217
0.742
0.825
0.35
1
0.983
0.942
1
0.4
0.792
0.917
0.817
0.95
1
0.308
0.875
0.525
0.108
0.983
0.558
1
0.033
1
0.6
0.55
0.842
0.242
0.842
0.55
0.877
0.217
0.942
0
0.608
0.725
0.733
0.875
0.908
0.8
0.72
0.917
1
0.925
0.867
0.717
0.542
0.917
0.483
0.525
0.333
0.669
0.367
1
1
0.533
0.658
0.742
0.95
0.533
0.217
0.792
0.717
1
0.5
1
1
1
0.474
0.067
1
0.8
0.483
0.808
0.425
0.683
0.125
0.992
0.42
0.075
0.375
0.7
0.95
0.992
0.449
0.625
0.31
1
0.642
0.733
1
0.925
0.62
0.216
0.886
0.408
0.425
1
1
0.75
0.692
0.925
0.283
0.133
0.358
0.225
0.15
0.183
0.933
0.917
0.742
0.318
0.133
0.633
0.525
0.567
0.975
0.375
0.8
0.875
0.883
0
0.992
0.792
0.683
0.9
0.708
1
0.983
0.272
0.983
0.1
0.742
0.45
0.608
0.908
0.4
1
0.839
0.033
1
0.775
0.883
0.883
0.958
0.939
0.992
0.708
0.95
0.858
1
0.608
0.983
1
0.758
0.158
0.917
1
0.942
0.3
0.288
0.125
0.392
0.533
0.333
0.708
0.267
0.608
0.442
1
0.475
0.842
0.85
0.892
0.95
1
0.867
0.517
0.741
0.842
0.783
0.992
0
0.742
0.542
0.892
0.958
0.592
0.4
0.795
0.958
1
0.845
1
0.2
0.483
0.133
0.825
0.933
0.583
0.875
0.975
1
1
0.508
0.917
0.967
0.074
0.957
0.367
0.85
0.258
0.683
1
0.75
0.783
0.083
1
0.733
1
0.95
1
0.678
0.217
0.675
0.975
0.533
0.883
0.983
0.311
0.108
0.467
0.875
0.933
0.045
0.381
0.933
0.942
0.858
0.208
0.933
0.992
0.758
0.683
0.933
0.483
0.242
0.433
0.358
1
1
1
0.862
0.183
0.161
0.875
0.241
0.9
0.425
0.842
0.825
0.633
0
1
0.825
0.567
0.8
0.717
0.242
0.325
0.8
0.367
0.342
0.192
0.158
0.883
0.433
0.758
0.892
0.542
0.875
1
1
0.492
0.775
1
0.517
0.932
0.867
1
0.907
1
1
0.275
0.783
0.775
0.692
0.492
0.275
1
0.767
0.117
0.925
0.783
1
0.475
1
0.392
0.8
1
0.942
0.042
0.608
0.617
0.925
1
0.6
1
0.825
0.467
0.925
1
1
0.683
0
0.395
0.992
0.558
0.808
1
0.708
0.608
0.856
0.417
1
0.892
0.975
0.576
0.392
0.825
1
0.95
0.475
0.864
0
0.817
0.95
0.633
0.25
0.784
0.592
0.283
0.767
1
0.808
0.658
0.958
0.467
1
0.875
1
1
0.175
0.942
1
0.825
0.483
1
0.491
0.742
0.992
0.275
0.875
0.858
1
0.625
0.742
0.911
0.875
0.583
0.992
1
0.358
1
0.759
1
0.917
0.633
0.867
1
0.612
0.293
0.008
0.167
0.558
0.1
0.575
0.967
0.775
0.525
0.242
0.85
0.008
0.967
0.763
0.807
0.925
0.758
0.917
0.227
1
0.092
0.875
0.3
0.133
0.942
0.917
0.492
0.792
0.925
0.839
0.408
0.9
0.733
0.967
0.612
0.542
1
0.367
0.142
0.491
0.508
0.825
1
1
0.983
0.825
0.992
0.083
0.817
1
1
0.917
0.3
0.633
0.883
0.508
0.683
0.608
0.983
0.717
0.775
0.8
0.708
0.237
1
0.933
1
0.817
0.708
0.608
0.527
0.833
0.992
0.958
0.925
0.386
1
0.217
0.9
0.842
0.883
0.383
1
1
0.085
1
0.775
0.892
0.833
0.483
0.967
0.802
0.283
0.627
0.237
1
0.658
0.5
1
0.5
0.875
1
0.908
0.975
0.833
0.833
0.692
1
0.867
0.827
0.95
0.708
0.65
0.975
1
0.492
0.958
0.392
0.992
1
1
0.783
0.958
0.475
0.417
0.667
0.78
1
0.675
0.758
0.317
0.917
0.817
0.192
0.883
0.784
1
0.3
0.858
0.992
0.642
0.817
0.833
0.917
0.558
0.175
0.05
0.116
1
0.975
0.942
0.392
0.975
0.845
0.5
0.042
0.917
0.6
1
0.917
1
1
0.425
1
1
0.125
0.6
1
0.525
1
0.725
0.875
1
0.658
0.642
0.333
0.967
0.667
0.992
0.4
0.992
0.633
0.433
0.9
1
1
0.983
0.818
1
0.708
1
0.425
0.119
0.55
0.017
0.92
0.792
0.292
0.2
0.717
1
0.875
1
0.492
0.333
0.317
0.023
0.933
0.917
0.467
0.592
1
0.233
0.767
0.55
0.983
0.567
0.508
0
0.933
0.125
0.767
1
0.275
1
0.925
0.183
0.667
0.217
0.94
0.717
0.733
0.575
0.075
0.858
1
0.458
0.717
0.633
1
0.842
0.958
0.381
0.442
0.012
1
0
0.808
0.975
0.478
1
0.742
0.283
1
0.567
0.467
0.917
0.725
1
0.742
0.898
0.733
0.892
1
0
1
0.617
0.325
1
1
1
1
0.867
0.911
0.733
0.746
0.975
0.625
0.967
0.958
0.533
0.881
0.667
0.875
0.967
0.908
0.026
0.932
0.45
0.7
0.708
1
0.675
0.017
1
0.375
1
0.625
0.533
0.675
0.655
0.958
0.767
0.433
0.895
0.611
0.742
1
0.742
0.742
1
0.717
0.592
0.975
0.792
0.875
0.842
0.45
0.408
0.288
1
0.933
0.517
0.988
1
0.567
0.725
0.558
0.975
0.933
0.6
0.417
0.633
1
0.297
0.472
1
0.467
1
0.708
0.925
0.692
0.9
0.042
0.383
1
0.433
0.708
0.833
0.875
0.333
0.158
0.392
0.617
0.272
0.167
0.983
0.792
1
1
0.583
0.775
0.992
0.867
0.375
0.15
0
0.417
0.908
0.567
0.242
0.517
0.692
0.775
0.095
1
0.133
0.842
0.342
0
0.933
0.783
0.1
0.7
0.858
0.967
0.771
0.192
0.915
0.792
1
0.858
1
0.117
0.858
1
0.942
0.708
0
0.633
0.65
0.917
0.881
0.408
0.5
0.517
0.992
0.775
0
0.667
0.783
0.617
0.858
1
0.033
0.908
0.733
0.692
0.825
0.1
0.667
0.817
0.22
1
0.583
0.333
1
0.983
0.608
0.825
0.867
0.138
0.1
0.593
1
0.533
0.175
1
0.983
0.567
0.759
0.1
1
1
1
0.692
0.733
0.638
0.567
1
0.825
0.408
1
0.667
0.642
0.908
1
0.625
0.026
0.825
1
0.814
0.3
0.642
0.259
0.958
0
0.875
0.792
0.675
0.592
1
0.763
0.917
0.9
0.833
0.558
0.85
0.425
0.575
0
1
0.966
1
1
0.536
0.883
0.833
0.424
1
0.875
0.627
1
0.1
1
0.267
0.258
0.908
1
0.991
0.825
0.158
0.833
0.65
1
0.517
0.325
0.825
0.167
0.771
0.992
1
1
0.111
1
1
0.839
0.924
0.933
1
0.967
0.917
0.567
0.909
0.942
1
1
0.633
1
0.917
1
0.648
0.242
1
1
0.15
0.658
0.717
1
0.55
0.375
0.858
0.862
0.967
1
0.7
0.475
0.608
0.688
0.917
0.733
0.967
0.922
0
0.717
0.908
0.519
0
0.8
1
1
1
0.225
0.975
1
0.975
0.889
0.225
0.625
0.682
0.933
0.267
0
0.858
1
0.725
0.708
1
0.625
0.808
0.886
0.892
0.767
0.92
0.442
1
0.737
1
0.8
0.78
0.725
0.167
1
1
0.942
0.983
0.55
0.3
0.45
0.729
1
0.858
0.789
1
0.422
0.653
0.977
0.758
0.842
0.358
1
0.592
1
0.808
1
0.983
0.842
1
1
0.576
0.842
0
0.725
0.919
0.767
1
0.534
0.408
1
0.925
0.9
0.558
0.2
1
0.967
0.783
1
0.733
0.333
0.408
0.617
0.917
0.85
0.892
0.592
0.958
0
0.733
0.72
0.392
1
1
1
0.108
0.808
0.508
1
0.833
0.342
0.975
0.25
0.033
0.875
0.9
1
0.1
1
0.658
0.383
0.775
0.992
0.133
0.108
0.942
1
0.858
0.733
0.466
0.633
0.217
0.75
1
0.642
0.881
0.275
1
1
0.783
0
0.992
0.575
0.85
0.708
0
0.867
0.417
1
0.542
0.717
0.05
0.442
0.592
0.4
0.915
1
0.992
0.542
0.867
0.267
0.842
0.842
1
0.617
1
0.133
0.892
1
0.6
1
1
0.825
0.583
0.45
0.7
1
0.342
0.558
0.8
1
0.058
1
0.208
0.542
0.3
0.458
0.661
0.767
0.65
1
0.9
0.308
0
1
0.6
0.186
0.642
1
0.983
0.825
0.9
0.258
1
0.414
0.683
0.692
0.792
0.263
0.833
0.192
0.2
1
0.242
0.65
0.917
1
0.5
0.942
0.408
0.25
0.95
0.85
0.15
0.267
0.914
0.825
0.892
0.183
1
0.7
0.067
0.825
0.942
0.992
0.883
0.708
0.083
1
0.25
0.842
0.417
0.958
0.408
0
0.974
0.95
0.992
0.842
0.783
0.433
0.858
0
0.992
0.425
1
0.85
0.642
0.925
1
0.267
0.733
0.907
0.142
0.675
1
0.808
0.742
0.708
1
1
1
0.975
0.783
0.8
0.867
0.729
0.7
0.242
0.892
0.742
0.758
0.8
0.618
1
0.55
0.1
0.833
1
1
1
1
0.967
0.75
0.856
0.983
0.833
1
1
1
0.775
0.364
0.678
0.792
0.308
1
0.636
0.9
0.817
0
0.825
0.025
0.93
1
1
0.917
0.817
1
0.818
1
0.342
0.275
0.136
0.933
0.949
0.933
0.95
0.142
0.133
1
0.942
0.692
1
0.392
0.95
0.58
0.867
1
0.875
0.228
0.825
0.575
0.808
0
0.983
0.375
0.967
0.067
0.657
0.917
1
0.444
0.658
0.025
0.983
0.667
0.292
0
0.4
0.808
0.675
0.708
0.633
0.183
0.067
0.983
0.941
0.375
1
0.867
0.845
1
0.725
1
0.258
0.417
0.925
0.542
0.767
0.318
1
0.55
0.067
0
1
1
0.525
1
0.975
0
0.467
0.625
0.975
1
0.586
1
0
0.825
0.909
1
0.817
0.825
0.825
0
0.842
0.992
0.925
0
0.8
0.917
0.7
0.797
0.475
0.475
0
0.558
0.733
0.808
0.6
0.95
0.95
0.917
0.25
0.375
1
0.742
0.967
0.892
0.7
0.35
0.2
0.175
0
1
0.342
0.992
0.908
0.708
0.075
0.017
0.542
0.942
0.85
0.712
0.1
0.449
0
0.192
0.898
1
1
0.224
0.725
0.35
1
0.85
1
0.292
0.9
0.833
1
0.4
0.842
0.105
1
0.975
0.358
0.254
0.85
0.808
0.483
0.508
0.275
0.974
0.208
0.608
0.966
0.085
0.125
0.975
0.808
0.491
1
0.67
0.283
0.933
0.825
1
0.758
1
0.275
0.746
0.75
1
0.833
1
0.75
0.85
0.811
0.69
0.6
0.542
1
0.433
0.8
0.4
0.151
1
0.4
0.75
0.8
0.842
1
0.883
0.183
0.758
0.533
0
0
1
1
0.542
0.533
1
0.958
0.933
0.033
0.233
0.083
0.142
0.975
0.733
0.817
0.246
0
0.5
0.167
1
1
0.625
0.558
0.292
1
0.633
0.915
0
0.833
0.856
0.825
0.383
1
0.458
1
0.875
0.85
0.879
0.9
0.142
0.883
0.875
0.433
0.392
0.925
1
0.525
0
1
0.733
0.158
0.909
0.392
0.358
1
0.783
0.45
0.642
0.784
0.067
0.611
0.608
0.6
0.833
0.6
0.458
0.458
1
0.875
1
0.883
0.425
0.208
0.86
0.875
0.033
0.442
0.283
0.025
0.5
0.892
0.708
0.408
1
1
1
0.958
0.6
0.55
1
0.398
1
0.169
0.8
0.958
1
0.833
0.1
1
1
0.55
0.467
0.933
0.925
0
0.658
0.783
1
1
0.758
0.767
0.642
0.808
0.442
0.975
0.125
1
0.633
0
1
0.975
0.75
0
0.917
1
0.339
0.772
0.924
0.8
0.367
0.25
0.042
1
1
0.608
0.817
0.825
0.467
0.7
1
1
0.867
0.958
0.058
0.975
0.1
0.737
0.875
0.183
0.033
0.75
0.933
0.922
0.667
0.642
0.867
0.883
1
0.89
0.195
0.907
1
0.95
0
1
0.267
0.35
0.797
0.767
0.917
1
1
0
0.475
0.925
0.35
0.717
0.5
0.108
0.908
0.817
0.932
1
0.292
0.942
1
0.297
0.525
0.392
0.667
0.907
0
0.992
1
0.967
0.442
0.975
0.092
0.85
0.825
0.075
1
1
0.027
0.925
0.788
0.263
0.642
0.06
0.183
0.133
0.917
0.767
0.458
0.317
0.788
0.492
0.892
0.633
0.873
1
0.523
0.925
0.758
0.2
1
0.392
0
1
0.275
0.95
0.575
1
1
0.542
1
0.917
0.192
0.025
0.517
0.708
1
0.942
0.633
1
0.65
1
1
0.708
0.875
0.167
0.125
0.675
0.192
1
0.517
0.492
0.783
1
1
1
0.433
0.733
0.907
1
0.617
0.892
0.958
0.867
0
0.608
0.892
0.775
0.725
0.767
0.125
0.575
0.8
1
0.958
0.6
1
0.767
1
0.95
0.708
0.842
0.4
0.225
0.5
1
0.657
1
0.909
0.833
0.608
1
0.833
0.367
0.833
0
0.325
1
0.742
0.942
0.533
0.55
0.458
0.933
1
0.225
1
1
0.917
1
0.3
0.617
1
0.517
0.95
0.917
1
0.342
1
0.883
0.908
0.917
0.525
1
0.958
0.758
0.233
0.358
0.85
1
1
0.733
0.908
0.917
0.692
1
0.942
0.458
1
1
0.202
0.058
1
0.75
0.442
0.683
1
1
0.675
0
0.568
1
0.992
0.083
0.7
0.975
1
0.792
0.733
0.817
0.883
0.95
0.242
0
1
0.867
0.915
0.302
0.808
0.558
1
0.989
0.975
0.875
0.55
0.858
0.792
0
0.892
0.917
0.817
0.85
1
0.442
0.825
0.267
0.225
0.442
0.658
0.85
0.941
0.873
0.733
0.917
0
1
0.775
0.825
1
0
1
0.658
0.258
0.661
0.867
1
0.617
0.025
0.858
0.567
0.992
0.862
0.95
1
1
1
0.858
0.625
0
1
0.992
0.758
0.875
0.55
0.742
0.392
0.758
1
0.95
0.602
0.408
0.883
0.033
0.873
0
0.692
0.7
0.792
0.008
0.992
1
0.875
0.967
0.733
0
0.8
0.883
0.242
1
0.6
1
1
1
0.633
0.758
0.133
0.917
0.442
1
0.408
0.225
1
0.825
0.992
0.9
0.508
0.1
0.958
0.392
0.534
0.92
0.933
0.658
0.05
0.467
1
0.683
0.783
0.35
0.892
0.8
0.933
0.35
0.475
1
0.725
0.758
0.675
0.875
1
0.408
0.017
0.992
0.3
0.358
1
0.842
0.883
1
0.817
0.825
0.784
0.4
1
0.708
0.742
0.808
0.467
0.142
0.925
0.593
0.873
0.642
0.292
0
0.125
0.817
0.125
0.642
1
1
0.917
0.158
0.182
0.875
0.058
1
0.8
0.542
1
0.433
0.867
1
0.717
0.914
0.8
0.633
0.592
0.467
1
1
0.933
0.125
0.742
1
1
0.275
0.856
0.425
1
0.958
0.458
0
0.883
0.775
0.908
0.958
0.5
0.75
1
0.5
0.183
0.825
0.889
0.508
0
0.6
0.825
0.55
1
0.783
0.5
0.842
0.092
0.4
0.619
1
0.358
0.992
0.9
0.583
0.917
1
0.95
0.167
0.475
0.356
0.958
0.808
0.9
0.608
0.55
1
1
0.842
0.058
0.925
1
0.792
0.758
1
0
0.842
0.467
0.75
0.65
0.767
0.108
1
0
0.817
0.675
1
0.733
0.183
1
1
0.233
0.133
0.392
1
0.658
1
0.925
1
0.717
0.208
0.633
0.75
0.258
0.958
0.889
0.975
1
0
0.517
1
0.733
0.983
1
0.508
0.242
0
0.208
0.617
0.7
0.925
0.442
1
0.925
0.925
0.742
1
0.983
0.758
0.974
0.825
0.733
0.933
0.417
0.225
0.767
0.095
0.775
0.992
0.92
0.667
0.15
1
0.258
0.858
0.092
0.839
0.492
0.817
0.95
0.133
0.967
0
0.983
0.642
0.7
1
1
1
0.992
0.633
0.7
0.567
0.742
0.775
0.767
0.908
0.033
0.783
0.771
0.467
0.692
0.358
0.308
1
1
0.733
0.433
0.917
1
1
0.117
0.949
0.6
0.975
0.458
1
0.367
1
0.783
0.828
1
0.942
1
0.783
0.575
0.94
0
0.85
0.793
0.867
0.292
0.608
1
0.759
0.737
0.442
0.175
0.509
0.55
0.114
0.975
0.942
0.625
1
0.85
0.858
0.308
0.983
0.008
0
0.892
0.275
0.258
1
0.267
0.758
0
0.933
0.608
0.392
0.7
0.633
0.933
1
0
1
1
0.85
0.898
1
0.941
1
0.225
1
0.258
0.175
0.867
1
0.167
0.717
0.967
0.65
0.617
0.917
0.958
0.042
0.983
0.808
0.667
1
0.525
0.067
0.967
0.892
1
0.833
0.283
0
1
0.725
0.733
0.022
0.858
0.608
0.203
0.15
0.75
0.061
0.892
0.775
0.258
0.858
1
1
0.4
0.833
0.142
0.983
0.858
0.967
0.75
0.788
1
0.883
1
0.208
0.892
0.442
0.975
0.975
0.067
0.225
0.133
0.842
0.892
0.517
0.342
1
0.15
0.988
0.008
1
0.917
0.808
0.917
0.356
1
0.958
1
0.442
0.908
0.675
0.058
0.983
0.475
0.331
1
0.3
0.733
0.119
0.883
1
0.117
0.875
1
0.744
0.917
0.1
0.85
0.758
0.783
1
0.733
1
0.375
0.915
0.908
0.908
0.158
0.608
0.217
1
0.4
0.725
0.708
0.975
1
0.183
0.683
0.667
0.917
0.375
0.675
0.433
0.608
0.7
0.75
0.467
0.808
0.775
0.1
0.975
0.492
1
1
0.842
0.136
0.783
0
0.967
0.742
0.85
0.492
0.2
0.567
0.783
0.992
0.907
0.958
0.617
0.908
1
0.692
0.925
1
0.958
0.712
0.983
0.542
1
0.817
0.008
0.442
0.767
0.9
0.768
0.942
0.183
0.962
0.583
0.117
0.633
1
0.379
0.692
0.883
1
0.792
0
0.842
0.975
0.38
0.225
0.25
1
1
1
0.9
0.292
0.383
0.992
0.775
0
0.508
0.733
0.983
1
0.975
0.792
1
0.442
0.092
0.932
1
0.208
1
0.225
0.895
0.966
0.889
0.642
0
0.525
0.898
0.767
0.192
1
0.692
0.658
0.258
1
0.267
0.925
0.742
0.95
0.767
0.198
0
0.908
0.492
0
0.658
0.175
0.717
0.767
0.975
0.358
0.617
0.908
0.892
1
1
0.473
1
0.508
0.342
1
0.942
1
0.758
0.025
1
0.425
1
0.617
0.258
0.967
0.9
1
0.692
0.695
0.737
1
0.667
0.358
0.5
0.875
1
1
0.508
0.875
0.933
0.258
0.783
0.95
0.892
1
0.583
0.942
0.867
0.433
0.983
1
0.308
1
0.125
0.725
1
0.633
0.817
0.925
1
0.079
1
0.625
0.45
0.408
0.837
1
0.783
0.627
0.433
1
0.567
0.817
0.783
1
0.175
0.475
0.908
0.133
0.833
0.875
0.65
0.375
0.9
1
0.683
0.708
0.144
0.867
0.318
0.767
0.85
1
1
0.333
0.242
0.65
0.492
0.925
1
1
0.093
0.558
0.175
0.992
0.908
0.167
0.967
0.758
0.758
0.967
1
1
1
0.45
0.917
1
0.55
0.075
0.892
0.591
0.925
0
0.242
0.142
0.25
0.6
1
0.804
0.517
0.275
0.792
0.534
0.242
0.949
1
0.55
0.108
0.958
0.925
1
1
0.917
0.852
0.875
0.817
0.983
0.733
0.886
0.983
1
0.717
0.708
0.883
0.85
0.175
1
0.608
0.125
1
0.617
0.1
1
0
0.892
1
0.542
0.892
0.883
0.025
0.317
0.975
0.983
0.75
0.543
0.466
1
0.808
0.449
1
0.225
0.742
0.816
0.275
1
0.717
0.208
0.5
0.483
0.825
0.408
0.133
0.992
0.839
0.867
0.708
0.568
0.924
0.967
0.792
0.692
0.767
0
0.642
0.9
0.872
0.833
0.1
0.5
0.933
0.967
0.9
0.375
0.758
0.817
0.692
1
0
0.817
0.992
0.192
0.3
0.767
0.767
1
0.789
0.375
0.933
0.9
0.788
0
0.508
0.275
0.712
1
0.942
1
1
0.625
0.825
0.942
0.717
0.533
0.767
0
0.917
0.341
0.758
0.742
1
0.425
0.617
0.825
0.142
0.783
0.797
0.614
1
0.991
0.383
0.192
0.034
0.825
1
0.814
0.808
1
1
0.95
0.725
0.942
1
0.667
0.75
1
0.192
0.3
0.192
1
0.475
0.967
0.767
0.733
0.559
0.2
0.325
0.943
0.192
1
1
0.8
0.875
0.817
0.808
0.483
1
0.15
0.958
0.925
0.932
0.717
0.492
0.283
0.108
0.65
0.808
0.433
0.593
0.925
0.508
0.383
1
0.75
0.175
0.693
0.067
0.078
0.737
0.6
0.733
0.322
0.383
0.011
0.858
0.692
0.642
0.992
0.883
0.75
1
0
0.864
0.924
0.853
0.217
0.818
1
0.1
1
0.725
1
1
0.161
1
0.275
0.392
0.95
0.302
0.65
1
0.992
0.233
0.633
0.842
0.808
0.308
0.408
0.767
0.658
1
0.292
0.117
1
0.783
1
0.125
0.867
0.883
1
0.633
0.992
0.075
0.158
0
1
0.567
0.875
0.992
0
0.712
1
0.217
0.45
0.983
0.833
0.342
0.808
1
0.508
0.783
1
0
1
1
0.083
0.983
1
0.941
0.15
0.892
0.55
1
1
0.833
0.167
0.95
0.742
0.983
0.425
1
0.175
0.567
1
1
0.617
0.733
0.983
0.296
1
0.95
0.625
0.858
1
0.867
1
0.383
0.975
0.575
1
0.975
0.483
0.15
0.133
0.871
0.308
0.5
0.225
0.208
1
0.558
0.788
0.508
0.517
0.925
0.342
0.102
0.208
0.708
0.133
0.95
0.517
0.708
0.875
0
1
0.415
0
1
0
0.817
0.992
0.808
0.544
0.7
0.392
0.05
0.667
0.292
0.942
0.917
0.842
0.917
0.9
0.195
0.9
0.633
0.975
0.35
0.933
0.907
0
0.892
1
0
0.631
0.2
1
0.992
0.648
0.717
1
1
0.917
0.475
0.408
0.602
0.583
0.9
0.792
0.617
0.333
0.5
0.805
1
0.967
0.308
0.917
0.833
1
0.958
0.792
1
0.158
1
0.883
0.017
0.925
0.458
0.725
0.433
1
0.9
0.108
0.65
0
0.08
1
0.138
0.225
0.8
0.225
0.9
1
0.675
1
0.983
0.144
1
0.746
0.593
0.5
0.467
0.983
0.347
0.958
0.508
0.842
0.65
0.242
0.85
1
0.78
0.867
0.983
0.925
0.867
1
1
0.908
0.192
0.867
0.992
0.967
0.858
0.908
0.983
0.667
0.667
0.142
0.425
0.65
1
0.908
0.593
0.592
0.575
0.858
0.95
0.217
0.05
0.808
0.675
0.558
0.442
0.45
0.967
1
0.992
0.6
0.708
1
0.833
0.534
0.175
0.917
0.589
0.983
0.8
0.983
0.667
0.958
1
0.942
0.125
0.784
0.175
0.767
0.767
0.458
0.967
0.818
0.917
1
0.192
0.233
0.642
0.683
1
0.717
0.617
0.492
0.033
0.733
0.492
0.933
0.8
0.644
0.867
0.375
0.089
0.8
0.767
1
1
0.283
0.5
0.717
0.408
0.092
0.992
0.525
0.754
0.942
0.542
0.818
0.883
0.883
0.941
0.842
0.658
0.875
0.983
0.483
0.068
0.933
0.733
0.667
0.2
0.558
0.867
1
0.883
1
0.692
0.742
0.966
0.983
0.775
0.989
0.758
0.817
0.3
1
0.492
1
0.975
0.333
0
0.608
1
0.758
0.558
0.175
1
0
0.375
0.19
0.775
0.95
1
0.717
0.642
1
0.948
0.642
0.617
0.042
0.55
1
0.867
0.85
1
0.925
0.924
1
0.508
0.72
0.117
0.784
0.925
1
0.917
0.925
0.592
0.267
0
0.792
1
0.975
0.642
0.9
0.208
0.708
0.578
1
0.583
0.153
1
0.958
0.458
0.717
0.517
0.4
1
1
0.931
0.858
0.192
0
0.108
0
0.433
0.778
0.9
0.017
0.733
0.85
1
0.708
1
0.958
0.917
0.831
1
1
0.567
0.525
0.805
0.907
1
0.825
0.912
1
1
0.767
0.758
0.9
0.833
0
0.917
0.233
0.475
0.867
0.792
0.675
0.283
1
1
0.583
0.017
1
0.292
0.892
0.708
0.825
0.797
0.367
0.982
0.667
0.375
0.833
1
0.817
0.967
1
0.758
0.788
1
0.648
0.958
0.517
0.867
0.7
1
0.883
1
0.965
0.883
0.746
1
0.892
0.675
0.975
0.875
1
0.833
0.5
0.767
0.842
0.742
1
0.142
0.417
0.975
0.552
1
0.45
0.975
1
0.314
1
0.517
1
1
0.408
0.725
1
0.583
0.442
0.333
0.983
0
0.767
0.942
0.942
0.258
1
0.6
0.725
0.686
0.942
1
0.833
0.9
0.842
0.719
0.576
0.78
1
0.992
0.831
0.258
0.75
0.858
0.925
0.867
0.647
0.875
0.025
0.025
0.308
1
1
1
0.133
0.147
0.975
1
0.908
0.842
0.433
0.533
0.822
0.9
0.992
0.241
0.305
0.833
0.361
0.4
0.897
0.841
1
1
0.108
1
0
0.7
0.2
0.25
1
0.917
0.9
0.898
0.958
0.9
0.433
1
0.441
1
0.358
0.817
0.75
0.725
0.839
0.008
0.683
0.092
0.525
0.217
0.625
0.475
1
1
1
0.375
1
0.807
0.15
0.625
1
0.35
0.1
1
1
0.925
0
0.746
0.333
0.35
0.767
0.75
0.867
1
0.767
0.925
0.875
0.717
1
0.933
0.667
0.898
0.917
0.808
0.483
0.392
0.8
0.417
0.5
0.775
0
0.708
0.133
0
1
1
0.842
0.867
0.142
0.667
0.783
0.2
0.367
0.917
0.661
0.5
0.608
0.967
0.917
0.558
0.825
1
0.383
0.792
0.625
0.842
0.263
0.383
0.958
0.808
0.55
1
0.619
0.1
1
0.975
0.127
1
0.203
0.983
0.017
0.625
0.792
0.692
0.035
0.625
0.817
0.467
1
0.75
0.542
0.585
1
0.112
0.8
0.5
0.442
0
1
0.092
0
0.644
0.825
0.392
0.008
0.807
0.308
0.717
1
0.667
0
0.942
0.845
0.1
0.892
1
1
0
1
0.925
0.7
1
0.225
1
0.725
0.625
0.614
0.575
0.95
0.008
1
1
0.908
1
0.847
0.526
0.292
0.483
0.258
1
0.217
0.9
0.308
0.992
0.458
0.841
0.442
1
0.508
0.442
0.905
0.05
0.917
0.775
0.292
0.417
0.882
1
1
1
0.432
0.925
0.342
0.875
0.033
0.942
0.675
0.783
0.858
0
1
0.788
0.275
0.55
1
0.992
0.449
0.25
0.717
0.767
0.458
1
0.558
0.925
0.217
1
0.2
0.908
1
0.367
0.983
0.144
0.617
0.735
1
0
0.867
1
1
1
1
0.458
0.619
0.192
0.892
0.65
1
0
0.117
1
0.839
1
1
0.892
0.967
0.692
1
0.583
0.783
1
0.858
0.775
0.017
0
0.792
0.775
0.3
0.267
0.783
0.86
0.792
1
0.873
0.358
0.642
0.208
1
1
0.508
0.575
0.408
0.375
0.933
0.575
0.858
0.583
1
0.873
0.719
0.4
0.318
0.975
0.409
1
0.742
0.45
0.908
0.633
0.292
0.958
0.933
1
0.833
0.808
0.567
0.858
0.892
0.983
1
1
0.125
1
0.75
0.651
1
0.658
1
0.925
0.867
0.083
0.195
0.867
0.792
0.958
0.525
0.742
0.625
1
0.992
0.592
0.433
0.353
0.392
0.833
0.658
0.392
0.792
0.95
0.822
1
0.667
1
0.783
0.408
0.667
0.842
0.875
0.817
0
1
1
1
1
0.158
0.325
1
0.856
0.05
0.817
1
0.358
0.842
0.292
0.933
1
0.875
0.358
0.023
0.6
0.989
0.85
0.992
0.908
0.408
1
0.908
0.075
0.267
0.305
0.417
0.714
0.297
0.425
1
1
0.275
1
1
0.127
0.583
0.733
0.65
0.675
0.917
0.547
0.992
0.975
0.375
0.325
0.492
0.875
0.383
0.725
1
0.95
0.225
1
0.867
0.358
0.967
0.633
0.717
0.65
0.575
0.153
0.947
0.892
0.692
0.771
0.942
0.65
0.583
0.092
1
0.325
1
0.125
0.567
0.692
0.367
1
0.942
0.958
0.892
0.142
0.992
0.617
0.5
0.983
0.575
0.075
0.433
1
0.475
1
0.712
0.95
0.598
1
0.7
0.842
0.408
0.825
1
0.692
0.858
0.85
0.967
0.892
0.67
0.45
0.575
0.087
1
1
0.767
0.492
0.658
0.858
0.892
0.775
0.925
0.05
0.983
0.758
0.625
0.867
0.558
0.833
0.942
0.737
0.837
0.008
0.542
0.542
0.892
0.683
1
0.483
0.683
0.758
1
0.875
0.808
0.75
0.897
0.144
0.967
0.175
0.833
0.683
0.958
0.983
0.858
0.292
0.617
0
0.583
0.483
0.754
0.917
1
1
0.633
0.625
0.783
1
0.592
0.525
0.992
0.2
0.608
1
0.838
0.308
0.858
0.246
0.6
0.808
0.908
0.975
0.067
0.75
1
0.775
0.583
0.417
0.592
0.225
0.908
0.3
0.65
0.136
0.95
0.942
1
0.4
0.908
0.867
0.692
1
0.642
0.717
0.767
0.033
0.725
0.483
0.867
0.417
0.958
1
0.411
0
0.65
0.375
0.867
0.836
0.692
0.483
0.333
1
0.758
0.678
0.924
0.967
0.483
1
0.625
0.383
0.892
0.958
0.125
0.717
0.675
0.417
0.839
0.55
1
0.7
0.283
0.333
0.683
0.933
0.775
0.814
1
0.661
0.325
0.833
0.833
0.158
0.933
0.867
0.958
0.433
0.708
0.9
1
1
0.093
1
0.467
0.442
0.917
0.917
0
0.192
0.217
1
0.95
0.208
0.625
0.717
1
0.475
0.283
0.392
0.15
0.908
0.075
0.592
1
0
1
0.992
0.992
0.833
0.958
0.158
1
1
1
1
1
0.95
1
0.242
0.775
0.808
0.225
0.942
0.583
1
0.183
0.958
0.742
0.683
0.792
0.25
1
0.967
0.725
0.992
1
0.975
0.008
0.708
0.883
0.975
1
0.183
0.629
0.833
0.308
0.956
0.217
0.983
0.65
1
0.883
1
0.942
0.892
0.717
0.842
0.75
0.761
0.25
0.3
1
1
0.817
0.883
0.051
0.013
1
0.325
0.483
0
0.475
0.925
0.333
0.9
1
0.408
0.217
0.3
1
1
0.783
0.742
0.2
1
0.867
0.483
0.483
0.642
0.144
0.74
0.398
1
0.575
0.85
0.117
0.357
0.058
0.898
1
0.65
0.408
0.975
0.892
0.767
0.408
1
0.8
0.417
0.183
0.742
0.725
0.575
1
1
1
0.917
0.642
0.733
1
0.732
0
0.058
0.842
0.858
0.292
1
0
0.867
0.317
0.032
1
0
0.672
0.042
1
0.975
0.942
0.475
0.725
0.7
1
0.25
0.108
0.858
0.6
0.033
0.783
0.967
0.092
0.1
0.742
0.15
0.825
0.907
1
0.508
0.667
0.65
1
0.833
0.742
0
0.767
0.617
0.992
0.511
0
0.25
0.733
1
0.825
0.983
0.467
0.35
0.992
0.975
0.125
0.933
1
0.1
0.543
0.725
0.658
0.763
0.942
0.767
1
0.417
0.683
0
0.733
0.892
1
0
1
0.642
0.89
0.508
0.905
1
0.917
0.678
1
0.278
0.925
1
0.771
0.925
0.958
0.825
1
0.933
0.044
0.992
0.967
0.842
0.842
0.217
0.192
0.042
0.754
1
1
0.85
0.775
0.117
0.125
0.217
0.975
0.6
1
0.217
0.192
0.625
1
1
0.958
0.65
0
1
0.683
0.65
1
1
0.7
0.356
0.967
0.15
0.932
0.2
1
0.792
0.775
0.558
1
0.492
0.167
0.725
0.317
1
0.258
0.167
0.617
0.133
0.217
1
0.542
0.817
0.542
0.775
0.721
1
1
0.983
0
0.567
0.183
0.625
0.892
1
0.817
0.733
1
0.758
0.95
0.442
1
0.392
0.1
0.67
0.608
0.725
0.917
1
0.707
1
0.175
0.775
0.733
0.958
0.956
0.733
0
0.483
0.858
0.817
1
0.242
1
0.886
0.375
0.942
0.4
0.725
0.966
0.698
0.958
0.602
0.933
1
0.924
0.825
0.483
0.883
0.525
1
0.833
0.017
0.975
0.567
0.975
0.8
1
0.175
0.814
0.95
0.925
0.842
0.875
1
0.9
0
1
0.325
1
0.475
0.783
0.276
0.856
0.967
0.842
0.808
0.792
0.008
0.8
0.386
0.783
0.667
0.9
0.619
0.283
0.192
0.977
0.875
0
0.625
1
1
0.392
0.25
0.814
1
0.175
1
0.758
0.737
0.862
1
0.692
0.825
0.407
0.78
0.3
1
0.4
0.608
0.433
0.975
0.983
0.042
0.593
0.992
0.389
0.212
0.042
0.716
0.967
1
0.992
0.833
0.475
0.847
0.775
0.705
0.441
0.833
0.842
0.4
0.259
0.592
1
1
1
0.867
0.864
0.65
0.642
0.933
0.558
0.367
1
0.517
1
0.525
0.183
1
0.75
0.95
0.386
0.858
0.873
0.433
0.367
0.35
1
0.992
0.817
0.65
0.717
0.617
0.2
1
0.692
0.45
0.05
1
0.767
0.983
0.375
0.625
1
0.875
0.142
0
0.108
0.717
0.883
1
0.7
0
0.625
1
1
0.792
1
1
1
0.083
0.576
1
1
0.242
0.508
0.458
1
0.915
0.9
0.758
0.658
1
0.925
1
0.814
0.742
0.667
0.45
0
0.833
0
0.051
0.783
1
0.85
0.383
0.917
1
0.258
0.398
0.508
0.4
1
0.45
0.703
0.5
0.905
0.825
0.237
0.754
0.783
0.642
1
1
0.767
0.642
0
0.45
0.625
1
0
1
0.83
0.879
0.975
0.983
0.108
0.908
0.717
0.717
0.908
0.808
0.833
1
0.925
0.058
0.125
0.8
0.867
0.25
0
0.8
0.967
0.85
0.6
0.816
0.625
1
0.992
0.458
0.958
1
0.178
0.975
0.917
0.817
1
0.875
0.922
1
0.817
0.508
1
0.55
0
0.083
0.331
0.754
0.9
0.017
1
0.992
1
0.325
0.992
0.844
1
0.55
0.458
0.036
0.467
0.167
0.658
0.044
1
1
0.091
0.858
0.858
0.625
0.948
0.591
0.742
1
0.958
0.833
1
0.825
0.542
1
0.55
0.392
0.182
0.542
0.908
0.683
0.183
1
0.883
0.085
0.775
0.217
1
0.875
0.195
0.733
0.25
0.558
0.775
0.767
0.475
0.517
0.525
0.992
0.825
1
0.167
0.978
0.567
0.625
0.55
1
0.808
0.017
0.9
0.508
0.425
0.558
0.717
0.525
0
0.717
0.4
0.542
0.72
0.992
0.5
0.964
1
0.117
0.967
0.6
1
1
0.983
0.367
0.65
0.845
0.958
0.35
0.158
1
0.058
0.875
0.933
0.917
0.983
0.475
0.125
0.367
0
1
0.383
0.85
0.342
1
0.417
0.45
0.9
1
0.975
0.3
1
1
0.875
1
0.873
1
0.725
0.617
0.67
1
0.7
1
0.967
1
0.992
1
1
0.383
0
0.258
0
0.364
0.55
0.183
1
0.825
0.875
0.925
0.733
0.957
0.117
0.742
0.795
0.192
0.742
0.9
1
0.833
0.942
0.992
0.942
0.125
0.917
0.992
0.65
0.879
0.817
0.717
0
0
1
0.407
0.883
1
0.742
0.883
0.55
0.75
0.9
0.892
0.975
0.258
1
1
0.892
0.695
0.242
0.508
0.967
0.983
0.375
1
0.94
0.8
0.975
0.263
0.456
0.8
1
0.025
0.992
1
0.425
0.858
0.783
0.608
0.825
0.817
0.8
0.767
0.725
0.658
0.883
0.925
1
0.683
0.65
0.492
0.183
0.65
0.867
0.675
0.858
0.967
1
0.467
0.358
0.992
0.542
1
0.9
1
0.167
0.85
1
0.35
0.983
0.858
0.133
0.992
0.617
0.568
0.983
0.093
0.933
0.658
0.517
0
0.775
0.817
0
0.208
0
0.767
0.233
0.608
0.65
0.827
0.433
0.675
1
0
0.875
0.458
0.956
0.658
1
0.642
0.921
1
1
0.102
0.9
0.667
0.367
0.642
1
0.692
0.883
0.833
0.833
0.808
0.45
1
0.975
0.883
0.125
0.825
0.175
0.83
0.283
0.808
0.892
0.875
0.933
0.617
0.246
0.142
0.95
0.508
0.283
0.558
0.425
1
0.692
0
1
0.358
1
0.225
0.898
0.617
0
0.392
0.575
0.867
0.05
0.8
1
0.908
0.95
0.35
0.642
0.5
1
0.917
1
1
0.233
0.879
0.875
0.217
0.5
0.667
1
1
0.075
0.983
0.9
1
0.792
0.867
0.943
0.808
1
1
0.192
0
0.8
0.582
0.575
0.875
0.35
0.725
0.458
0
0.012
1
0.746
1
1
1
0
0.683
0.575
1
0.983
0.983
0.25
0.683
0.25
1
0.617
0.158
0.775
1
0.808
1
1
0.792
0.975
0.95
0.763
0.242
0.933
0.483
1
1
0.875
0.758
0.904
0.808
0.75
0
0.058
0.725
0.746
0.3
0.917
0.858
0.017
0.867
0.808
0.3
0.058
0.89
0.983
0.217
1
0.45
0.842
0.242
0.458
0.034
1
0.725
0.422
0.992
0.975
0.625
0.242
0.575
0.7
1
0.533
0.446
0.975
0.65
0.733
1
0.633
0.683
0.3
0.592
0.575
0.517
1
0.831
0.533
0.983
0.95
0.775
1
1
0.842
0.647
1
0.407
0.783
0
0.95
0.067
0.805
0.675
0.342
0.95
0.867
1
1
0.958
1
0.292
0.875
0.05
0
1
0.9
0.825
1
0.85
0.433
0.898
0.908
0.308
0.925
0.992
1
1
0.308
0.867
0.908
0.814
0.844
0
1
1
0.65
0.183
0.7
0.895
1
1
0.817
0.642
0.608
0.717
0.967
0.989
0.691
0.817
0.892
0.892
0.989
0.475
0.569
0.517
0.667
0.686
0.312
1
0.417
1
0.983
1
1
0.842
1
0.95
0.679
0.25
0.708
0
0
0.833
1
0
0.817
0.114
0.667
0.433
0.875
0
0.392
0.875
0.167
0.65
0.658
0.892
0.478
0.833
1
0.992
0.233
0.933
0.933
0.85
0.318
0.068
1
0.85
0.75
0.858
0.567
0.942
0.075
0.417
0.558
0.792
0.108
0.917
1
0.553
1
0.742
0.242
0.825
1
1
0.558
0.592
0.924
0.508
0.975
0.808
0.775
0.67
0.475
0.917
0.45
0.308
0.333
0.831
0.629
0.583
0.31
0.875
0.792
0.908
1
0.533
0
1
0.567
0.075
0.275
0.95
0.058
0.017
0
0.825
0.9
0.125
0.892
0.825
0.143
0.636
0.75
0.425
0.25
0.511
0.693
0.792
1
0.925
0.433
0.052
0.988
0.4
0.7
0.508
0.808
0.208
0.867
0.775
0.792
0.958
0.617
0.425
0.325
1
0.758
1
0.058
0.788
0.758
0.875
0.942
1
0.508
0.725
1
0
1
0.9
1
0.364
0.492
0.28
0.83
0.392
0.908
0.725
1
0.967
0.767
0.858
1
1
0.975
0.392
0.75
0.867
0.558
0.817
0.092
0.225
0.917
0.9
1
1
0.28
0.438
0.608
0.808
0.992
0.842
0.797
1
1
1
0.25
0.167
0.017
0.233
1
1
0.509
0.775
1
0.783
0.9
0.842
0
0.392
0.148
0.328
0.208
1
0.933
0.55
1
0.775
0.033
0.475
0.792
0.589
0.883
1
0.992
0.449
0.783
0.967
1
0.45
0.958
1
0.733
0.9
1
0.733
0.805
1
0.457
0.225
0.642
0.55
0.817
0.8
0.756
0.807
0.858
0.792
0.175
0.792
1
0.65
0.695
0.65
1
1
0.552
0.942
0.925
0.633
0.982
0.9
0.892
0.983
1
1
0.992
1
0.65
0.625
0.892
0
0.183
1
0.75
0.667
0.417
0.761
0.825
0.558
0.342
0.692
1
0.442
0.583
0.908
0.237
0.678
0.052
0.858
0.85
1
0.6
0
0.708
0
1
0.733
1
0.448
0.322
1
0.905
0.117
0.875
0.392
0.775
1
0.975
0
0.3
0.458
1
0.783
1
0.429
0.617
0.725
0.592
0.533
0.35
0.933
0.895
0.575
0.292
0.915
0.492
1
1
0.967
1
0.758
0.592
0.958
0.625
0.775
0.417
0.992
0.035
0.883
0.533
0.625
0.9
0.842
0.95
1
0.783
1
0.708
0.35
1
0.839
0.95
0.792
0.225
0.65
0.867
0.733
0.467
0.592
0.942
0.667
1
1
1
0.533
0.35
0.992
0.4
1
0.576
0.4
0.758
0.992
0.585
0.958
1
1
1
0.925
0.967
0.656
0
0.458
1
1
0.575
0.9
0.85
0.775
0.183
0.022
0.75
0.775
0.017
0.9
0.9
0.965
0.942
1
0.983
0.417
0.792
0.517
0.942
1
1
0.958
0
0.442
0.342
0.783
0.7
0.5
1
0.943
0.875
0.717
0.925
1
1
1
0.617
1
1
1
0.318
0.975
0.95
0.492
0.408
0.392
0.492
0
1
0.417
0.192
1
0.808
0.983
0.525
0.808
0.083
0.656
0.308
0.368
0.741
0.8
0.667
0.483
0.271
1
0.517
0.525
0
1
1
0.69
1
0.1
1
0.55
0.568
0
1
0.708
0.758
0.025
0.708
0.217
0.117
0.95
1
0.675
0.767
0.875
0.625
0.95
0.875
0.183
1
0.633
0.958
0.967
1
0.708
0.933
0.808
0.939
1
0.342
0.917
0.85
0.292
1
0.875
0.342
0.925
0.983
1
1
0.267
0.35
0
0.608
0.45
0.792
0.11
0.95
0.508
0.8
0.992
1
0.8
0.672
0.941
0.425
1
0.558
0.667
0.783
0.725
0.727
0.758
0.233
0.325
0.875
0.783
0.932
0.525
0.729
0.347
0.375
0.883
0.725
0.917
1
0.358
0.05
0.75
1
0.85
1
1
0.875
0.25
0.737
0.034
0.192
0.915
0.2
0.28
1
0.475
1
0.7
0.825
0.864
0.992
0.712
0.922
0.842
0.933
0.975
0.908
1
0.675
1
0.758
1
0.933
1
1
0.967
0.25
0.35
0.45
0.842
0.875
0.439
0
0.717
0.483
0.258
1
1
0.933
0.525
0.633
0.792
1
0.822
0.933
0.342
0.712
0.242
0.917
1
0.192
0.517
0.917
1
0.758
0.808
1
0.483
0.65
0.758
0.392
0.242
0.975
0.992
0.75
1
0.842
0.983
0.75
0.208
1
0.717
0.956
0.8
0.693
0.925
1
0.8
0.65
0.542
0.233
0.908
1
0.65
0.55
1
0.817
1
0.575
0.333
1
0.875
0.783
0.733
0.383
0.75
0.083
0.092
0.933
0.758
0.383
0.742
0.867
0.942
0.35
0.483
0.133
1
0.195
0.884
1
0.492
0.708
1
0.875
0.233
1
1
1
1
0.833
0.75
0.767
0.15
1
0.958
0.417
0.983
0.658
0.558
0.989
1
1
1
0.477
0.258
0.142
0.509
0.955
0.817
0.875
1
0.483
0.308
0.917
0.8
0.625
1
0.675
0.367
1
0.75
0.358
0.898
0.55
0.392
0.25
0.758
0.336
0.974
0.1
0.509
0
0.117
0.717
0.883
0.767
0.992
0.023
1
0.975
0.008
0.967
0.567
0.852
0.4
0.883
0.175
0.933
0.108
1
0.967
1
0.583
0.658
0.942
1
0.433
0.958
0.392
1
0
0.925
0.317
0.892
0.383
0.925
0.492
0.992
1
1
0.198
0.283
1
1
0.958
0.15
0.875
0.45
0.575
1
0.537
0.716
1
0
1
0.275
0.933
1
0.992
0.983
0.85
0.783
0.192
0.425
0.692
0.517
0.65
0.425
1
0
1
0.867
0.839
0.508
1
0.967
0.489
0.667
0.425
0.283
0.208
0.908
0.161
0.242
0.482
1
1
0.758
1
0.642
1
0.8
0.892
1
1
0.733
1
1
0.267
0.467
0.902
0.95
0.442
0.892
0.941
0.9
1
0.933
0.767
0.742
0.875
1
0.175
0.967
0.342
0.649
0.967
0.75
0.241
0.356
1
1
0.758
0.9
1
0.619
0.85
0.475
0.808
1
0.925
0.925
0.55
1
0.917
0.85
0.592
0.983
1
1
0.909
0.475
0.05
0.583
0.375
0.958
1
1
0.193
0.442
1
0.433
0.205
1
0.15
0.192
0.83
0.875
0.608
0.483
0.083
0.75
1
0.317
0.233
0.608
0.95
0.648
0.856
0.917
1
0.5
0.225
0.425
0.692
0.873
0.45
0.833
0.669
0.716
0.842
0.983
0.817
0.208
0
0.35
0.775
0
0.975
0.067
0.658
0.117
0.933
1
0.342
0.868
0.475
0.9
0.19
0.617
0.318
0.142
0.875
1
0.675
1
0.983
0.25
0.25
0.048
0.483
0.083
0.433
0.6
0.383
0.915
0.558
1
0.908
0.15
0.967
0.883
0.817
0.083
1
1
0.292
0.892
0.792
0.908
0.475
0.445
0.907
0.233
1
0.233
0.567
1
0.633
0.192
0.875
0.783
0.275
0.775
1
0.967
0.1
0.875
1
0.781
0.717
0.988
0.333
0.133
0.75
1
0.333
0.819
0.017
0.042
0
1
1
0.825
0.686
1
0.792
0.908
0.808
0.733
0.636
0.942
0.592
1
0.992
0.636
0.9
1
0.867
0.108
0.05
0.525
1
0.55
0.708
0.375
0.449
1
0.833
0.542
0.142
1
0.083
0.45
1
0.033
1
1
0.807
0.783
0.161
0.358
0.242
0.975
0.818
0.339
0.333
0.6
0.508
0.133
0
1
1
0.875
0.958
0.567
0.775
0.729
0.567
0.425
0.65
0.767
0.533
1
0.942
1
0.658
0.75
0.983
1
0.833
0.932
0.551
0.792
0.308
0.925
0.55
0
0.167
0.792
0.683
0.85
1
0.275
0.675
0.932
0.333
0.667
0.425
0.125
0.758
0.708
0.683
0
1
0.784
0.873
0.708
1
0.842
0.559
0.083
1
0.725
0.142
1
1
0.883
0.717
0.274
1
0.833
0.567
0.217
0.833
0.25
0.908
0.658
0.733
0.883
1
0.358
1
0.342
1
0.05
0.908
0.208
1
0.661
0.862
0.017
0.737
0.408
0.042
0.55
0.533
0.883
0.627
0.567
0.625
1
0
0.92
1
1
0.975
1
1
0.592
0.95
0.967
1
1
0
1
0.229
0.283
0.585
1
0.2
0.825
0.15
0.908
0.775
0.417
0.742
0.808
0.367
0.025
0.983
1
0.983
0.095
0.275
0.184
0.975
0.33
1
0.717
0.45
0.808
0.805
0.825
0.808
1
0.708
0.908
1
0.025
0.614
0.317
0.625
0.833
0
0.633
0.742
1
0.8
0.466
0.892
0.775
0.108
0.058
0.925
0.733
0.515
0.292
0.275
0.095
0.114
0.783
0.242
0.325
0.75
1
1
0.392
1
0.95
0.867
0.875
0.35
0.117
0.883
0.208
0.233
0.8
1
1
0.492
0.983
0.342
1
0.883
1
0.912
0.592
0.983
1
0.45
0.467
0
0.217
0.25
0.942
0.992
0.825
0.45
0.242
1
0.917
0.433
0.942
1
0.158
0.802
0.545
0.15
0.492
0.2
1
0.967
0.775
0.858
0.75
0.669
0
0.733
0.8
1
0.783
0.858
0
0.842
1
0.342
1
1
0.933
1
0.817
0.415
0.917
0.883
0.333
0.842
0.85
0.805
0.108
0.883
1
0.892
0.75
0.695
1
0.65
0.225
0.975
0.467
1
0.711
1
1
0.375
0.85
0.183
0.225
0.642
0.018
0.342
0.875
1
0.208
1
0.967
1
1
1
0.092
0.858
0.033
0
1
0.975
0.592
0.288
0.7
0.644
0.858
0.583
0.375
0.767
1
1
0.358
0.308
0.625
0.475
0.95
0.949
0.983
0.025
1
0.608
0.458
0
0
0.883
0.156
0.958
0.316
0.558
0.875
0.958
1
0.9
0.633
0.808
0.342
0
0.983
0.408
1
0.192
0
0.542
0.633
0.6
0.808
0.367
0.05
0.725
0.517
0.817
0.275
0.925
1
0.767
0.567
0.7
0.858
1
0.817
1
0.883
0.742
0.2
0.797
0.475
0.839
0.226
1
0.225
0.375
1
0.508
1
0.433
1
0.375
0.65
0
0.475
0.983
0.525
0.217
0.742
0.508
1
0.375
1
0.552
0.992
1
0.526
0.992
0.892
0.1
0.783
0.8
0
0
0.967
0.85
0.992
0.767
0.825
0.367
0.375
1
0.733
0.988
1
0.917
0
0.417
0.908
1
0.825
0.9
0.667
0.875
0.925
0.558
0.347
0.433
0
0.8
0.958
0.15
1
1
0.725
0.667
0.317
1
0.867
0.653
0.08
0.992
1
1
0.725
0
0.953
0.292
0.958
1
0.695
0.792
0.825
0.258
0.992
1
1
0.883
1
0.858
0.95
1
0.842
0.9
0.208
0.275
1
0.817
1
0.558
0.975
0.333
0.708
0.992
0.892
0.417
0.875
1
0.608
0.5
0.759
0.975
0.392
0.358
0.625
0.983
0.292
0.358
0.05
1
0.342
0.992
0.892
0.475
0.55
0
0.85
0.941
0.4
0.55
0.35
1
0
0.797
1
1
0.94
0.75
1
1
1
0.95
0.966
0.85
0.28
0.825
0.683
0.4
0.033
0.15
0.333
0.033
0.467
0.967
0.875
0.525
1
0.992
0.102
0.575
0.708
0.567
0.288
0
0.158
0
0.783
0.783
0.092
0.025
0.733
0.35
0.8
0.625
0.383
0.917
1
1
1
0.683
0.517
0.275
0.864
0.833
0.75
0.6
0.783
0.683
0.193
0.767
0.417
0
0.708
1
1
0.833
0.75
0.817
0.142
0.642
0.825
0.642
1
0.925
0.767
0.742
0.892
1
1
0.692
0.017
0.842
0.842
0.883
0.358
0.283
0.383
0.925
0.233
0.263
0.667
0.966
0.458
0.933
0.117
0.583
0.958
0.758
0.667
0.558
0.842
0.567
0.167
0.292
0.675
0.367
0.842
0.442
0.383
0.517
0.977
1
0.831
0.542
1
1
0.358
0.925
0.342
0.142
0
1
0.05
0.417
0.775
0.8
0.667
0.975
0.925
0.783
1
0.983
0.783
0.775
0.542
0.45
0.9
1
0.375
0.908
0.358
0.517
0.933
0.758
1
1
0.808
0.4
0.5
0.117
0.3
0.542
1
0.183
0.942
0.667
0.575
0.525
0
0.608
0.55
0.408
0.592
0.492
0.883
0.233
0.633
1
1
1
0.967
0.975
0.088
0.059
0.642
0.442
0.025
0.341
0.483
1
0.216
1
0.95
0
0.967
1
1
0.55
0.675
0.117
1
0.958
0.392
0.275
0.708
0.4
0.708
0.831
1
0.222
0.733
0.633
1
0.917
0.491
0.833
0.625
0.875
0.733
0.217
1
0.092
0.975
1
0.025
1
0.805
0.4
1
0.775
0
0.742
1
0.629
1
0.833
0.833
0.442
0.667
0.167
0.133
0.708
0.933
0.025
0.742
0.737
0.758
1
1
0.828
0.442
1
1
0.983
0.667
0.292
1
0.567
1
0.867
1
0.45
0.908
0.55
0.921
0.625
0.457
1
0.283
1
0.725
0.917
0.275
0.983
0.216
0.683
0.95
0.075
0.195
0.817
0
0.683
0.818
0.908
1
0.875
0
1
1
1
0.817
0.658
0.725
0.858
0.892
0.842
0.875
0.483
0.767
0.159
0.983
0.983
0
0.35
0.908
0.775
0.983
0.783
0.467
0.575
0.525
0.85
1
0.958
0.783
1
0.958
1
0.742
0.608
0
1
0.127
0.958
0.633
0.1
0.775
0.275
0.975
0.575
0.758
1
1
0.508
0.708
0.908
1
0.117
0.75
0.542
0.449
0.732
0.967
0.276
0.568
0.492
0.992
0.933
0.8
0.858
0.025
0.864
0.55
0.517
1
0.255
0.477
0.75
0.683
1
0.725
0.408
0.883
0.958
0.148
0.883
1
0.167
1
0.325
0.708
0.083
0.717
1
0.83
1
0.992
1
0.883
0.792
0.977
1
0.85
0.942
0.608
0.717
0.008
0.408
1
0.15
0.491
0.85
1
0.792
0.942
0.991
0.925
0.633
0.443
0.508
0.867
0.9
0.842
0.075
0.817
0.683
0
0.908
0.181
1
0.508
1
0.2
0.8
1
1
0.583
0.725
0.192
1
0.792
0.367
0.636
0.617
0.875
1
1
1
0.592
0.383
0.342
0.686
0.5
0.967
0.681
0.967
0.458
0.681
0.158
0.953
0.15
1
0
0.683
0.875
0.383
0.203
0.925
1
0.575
0.883
0.992
0.683
0.45
1
0.789
0.198
0.842
0.492
0.817
1
0.958
0.275
0.754
0.95
0.825
1
0.578
1
0.792
0.883
0.8
0.225
0.068
0.908
1
0.833
0.017
0.858
0.45
1
0.209
0.898
0.358
0.567
0.258
0.883
0.742
0.908
0.792
0.642
0.925
0.992
0.917
0.44
0.333
0.076
0.4
0.958
0.425
0.992
0.886
0.754
0.761
0.5
0.208
0.792
0.75
1
1
0.867
0.942
1
0.233
0.783
0.992
0.292
0.242
0.283
0.908
0.183
0.158
0.85
0.725
0.325
1
0.852
1
0.85
0.898
0.95
0.78
0.75
1
1
0.433
0.575
0.133
0.95
0.167
0.942
0
0.642
0.533
0.533
1
0.758
0.942
0.958
0.464
1
0
0.067
0.933
0.458
0.658
0.824
1
0.367
0.712
0.949
0.567
1
0.533
1
0.525
0.975
0.858
0.767
0.183
0.233
0.892
1
0.9
0.142
1
0.678
0.557
0.767
0.883
0.558
0.242
0.417
1
0.15
0.805
1
1
0.867
0.508
0.867
0.517
0
1
0.083
0
0.5
0
0.575
0.733
0.758
0.167
0.175
0.746
0.617
0.025
0.908
0.942
1
0.492
1
0
1
0.042
0.675
0.083
0.842
0.325
0.958
0.592
0.658
0.267
1
1
0.992
0.956
0.542
0.992
0.492
0.183
0.842
0.017
0
0.908
0.492
0.025
0.642
1
0.275
0.817
0.617
0.017
0.742
1
0.178
0.583
1
1
0.035
0.776
0
0.742
0.208
0.683
1
0.6
0.983
0.839
0.9
0.458
1
0.708
0.775
0.853
0.708
1
0.9
0.842
0
0.358
1
0.95
1
0.925
0.692
1
0.678
0.833
0.658
0.342
0.873
0.942
1
0.625
1
0.775
1
0.883
0.258
0.325
0.533
0.417
0.992
0.325
0.783
0.792
1
0.669
0.858
0.661
0.989
0.4
0
0.167
0.675
0.95
0.9
0.925
0.217
0.342
1
0.833
0.942
0.881
0.542
0.333
0.933
0.917
0.583
0.144
1
0.737
1
0.8
0.783
1
0.892
1
0.717
1
0.858
0.825
1
0.683
1
0.875
0.975
0.133
0.908
0.992
0.596
0.808
0.533
0.977
0.975
0.483
0.792
0.658
1
0.825
0.842
0.805
0.833
0.949
1
0.733
0.06
1
0.758
0.839
0.867
0.898
1
0.833
0.792
0.658
0.25
0.208
0.317
0.708
0.892
0
0.967
0.85
1
0.817
0.892
0.608
0.95
0.242
0.977
0.233
0
0.917
0.883
0.807
0.814
1
1
0.676
0.083
0.967
0.917
1
0.633
0.758
0.8
0.74
0.875
1
0.792
0.732
0.983
0.733
1
0.942
0.05
0.942
0
0.533
0.95
1
0.692
1
0.858
1
0.717
0.508
0.737
0.492
0.808
1
0.958
0.792
0.392
0.275
1
0.263
0.883
1
0.575
0.967
0
1
0.703
0.642
0.925
0.35
1
0.525
0.967
0.308
1
0.912
0.886
0.075
1
0.898
0.767
0.988
0.675
0.883
0.342
0.786
1
0.333
0.967
0.567
0.875
0.75
0.6
0.917
0.9
0.633
0.217
0.633
0.642
0.708
0.286
0.983
1
0
0
0.833
0.233
0.795
1
0.992
0.733
1
0.983
0.831
1
1
1
0.439
0.4
0.992
0.258
0.933
0.983
1
1
0.683
1
0.567
0.9
0.925
0.783
0.592
0.183
0.658
0.967
0.909
0
0.917
0.95
0.983
0.85
0.942
0.792
0.342
0.908
0.958
0.742
1
0.398
0.992
0.042
0.908
1
0.883
0.342
0.575
0.283
0.067
0.93
0.225
0.589
0.85
0.784
0.975
0.949
0.067
1
1
0.858
0.533
0.233
0.958
0.886
1
0.942
0.449
0.534
0.958
0.475
0.45
0.908
0.8
0.944
0.992
0.742
1
0.942
0.367
1
0.342
0.858
1
0.283
0.992
1
0.633
0.892
0.342
0.908
1
0.133
1
0.864
0.858
0.783
1
0.25
0.758
0.842
0.958
0.842
0.908
1
0.933
0.858
0.9
0.367
0.941
0.525
0.917
0.4
1
0.975
0.978
0.792
0.517
1
0.867
0.983
0.817
0.076
0.95
1
0.758
0.932
1
0.95
1
0.908
1
0.65
1
0.975
0.958
0.847
0.212
1
0.858
0.192
0.8
0.592
0.585
1
0.942
0.883
0.15
0.602
0.35
0.75
0.083
0.692
0.525
0.167
0.867
1
0.258
0.983
0.733
0.667
0.875
0.083
0.9
0.183
0.283
0.682
0.308
0.917
0.7
0.508
0.992
0.797
0.283
0
0.667
0.758
0.875
0.325
0.625
0.9
0.792
0.144
0.83
0.117
0.958
0.858
0.263
0.742
1
0.317
0.992
0.808
0
0.083
0.867
0.758
1
0.842
0.983
0.958
1
0.862
0.592
0.025
0.675
1
0.858
0.95
0.458
0.283
0.339
0.703
1
0.417
0.75
0.233
0.789
0.992
1
0.558
0.317
0
0.6
0.975
0.925
0.783
0.7
0.083
0.967
1
1
0.898
0.992
0.6
1
0.4
1
0.957
0.408
0.975
0.858
0.683
1
0.867
0.583
1
0.659
0.55
0.602
0.742
0.8
0.275
0.983
1
1
0.983
0.658
0.917
1
0.65
0.714
0.449
0.05
1
1
1
0.15
0.953
0.967
0.9
1
0.35
0.966
0.3
1
0.758
0.722
0.992
0.977
0.275
0.675
0.967
0.246
0.827
0.792
1
0.25
0.4
0.381
1
0.467
0.858
0.558
0.733
0.533
0.817
0.675
1
0.117
0.758
1
0.45
0.225
0.808
1
0.1
1
1
0.511
0.858
0.15
1
1
0.475
0.675
0.871
0.89
0.75
0.817
0.508
0.508
0.375
0.842
0.95
0.763
0.858
0.492
0.808
0.474
0.351
0.15
0.558
0.308
0.533
1
0.508
0.35
0.575
0.8
0.9
1
0.975
0.208
0.708
0.347
0.967
0.856
0.675
0.317
0.733
0.392
0.914
0.8
0.925
0.4
1
0.833
0.083
0.133
0.642
0.9
1
0.726
0.273
0.892
1
1
0.2
0.797
0.8
0.642
0.817
0.545
0.292
1
0.258
0.567
0.925
0.95
0.017
0.917
0.592
0.883
0.275
1
0.158
0.542
1
0.825
0.642
0.958
0.292
0.7
0.992
1
0.142
0.675
1
0.608
1
0.943
0.886
1
0.867
0.8
0.925
0.933
0.917
0.758
1
0.915
1
1
0.35
1
0.292
0.957
0
0
0.117
0.617
0.775
0.129
0.208
0.55
0
0.725
0.842
0.508
0.583
0.091
0.725
0.867
0.892
0.067
1
0.367
0.933
1
0.942
0.992
0.942
1
0.767
1
0.867
0.35
1
0.783
0.617
0.867
0.667
0.7
0.908
0.7
0.483
0.592
0.983
0.6
0.492
0.783
0.008
0.842
0.693
0.864
0
1
0.75
0.25
0.991
1
1
1
0.883
1
0.558
1
0.925
0.653
0.933
0.733
1
0.217
0.675
1
0.991
0.058
0.725
0.667
0.708
0.754
0.608
0.867
0.023
0.621
0.117
0.7
0.06
0.958
0
0.692
1
1
0.608
0.308
0.95
0.742
0.95
0.683
0.983
0.983
0.042
0.974
0.842
0.85
0.308
0.958
0.575
0.85
0.808
0.686
0.83
1
1
0.925
0.717
0.925
0.808
1
0.433
0.142
1
0.375
0
0.083
0.975
0.833
0.2
1
0.408
1
0.35
0.3
0.723
0.233
0.6
0.583
0.442
0.542
1
0.858
0.585
0.805
0.617
0.267
0.883
0.458
0.853
0.892
0.783
0.708
0.045
0.847
0.45
0.867
0.625
0.658
0.625
0.333
0.35
0.203
0.708
0.458
0.567
0.717
1
0.792
0.236
0.681
0.333
0.425
0.3
0.608
0.942
0.883
1
0.992
1
0.946
0.642
0.136
1
1
0.992
0.608
0.667
0.133
0.661
0.967
1
1
1
1
0.875
0.967
0.825
0.933
1
0.233
0.942
0.186
1
0.703
0.771
0.608
0.617
0.075
0.183
1
1
0.688
0.907
0.817
0.894
0.608
1
0.908
0.917
0.862
0.833
0.833
0.675
0
0.983
0.167
0.617
0.658
0.867
0.725
0.35
0.557
1
0.867
0.125
1
0.6
0
1
0.8
0.812
0.942
0.292
1
0
0.771
0.833
0.958
0
1
0.802
0.317
0.825
0.192
0.85
0.917
1
0.705
0.367
0.373
1
0.008
0.242
0.475
0.636
0.244
0.517
0.763
0.775
0.825
0.648
0.942
0.75
0.542
0.898
0.683
0.6
0.583
0.992
0.143
0.683
0.9
0.075
0.292
0.817
0.35
1
0.258
0.233
1
1
0.583
0.364
1
0.558
0.458
0.958
0.85
0.592
0.675
0.958
0.183
1
1
0.667
0.667
0.575
0.739
0.4
0.967
0.729
0.708
0.792
0.864
1
0.1
1
0.55
0.633
1
0.72
1
1
1
1
0.867
0.7
0.75
0.22
0.667
1
0.125
1
0.8
0.65
0.775
0.417
1
0.85
0.75
0.661
0.958
0.983
0.175
0.75
0.95
0.942
0.6
0.067
0.025
0.108
0.741
0.125
0.45
0.908
0.925
0.367
0.342
0.617
0.808
0.85
0.4
0.158
1
0.756
0.142
0.8
1
0.608
0.417
0.542
0.833
0.533
0.983
0.975
0.977
1
0.983
0.6
0.831
0.592
1
0.842
0.967
0.95
1
0.925
0.667
0.682
1
1
0.822
1
0.3
0.508
0
0.942
0.347
1
1
0
0.214
1
1
0.127
0.508
0.8
0.667
0.67
1
0.667
0.992
0.55
0.967
0.608
0.775
0.949
0.95
0.75
0.45
0.283
0.867
0.583
0.125
1
0.2
1
0.675
0.65
0.958
0.9
0.492
0.883
1
0.833
0.825
0.958
0.908
0.544
0.167
0.875
0.142
0.342
0.275
0.802
0.708
1
0.9
1
0.533
0.4
1
0.183
1
1
0.9
0.808
0.542
1
0.878
0.465
0.6
0.875
1
0.963
0.633
1
1
0.75
0.158
0.275
1
0.833
1
0.698
0.783
0.783
0.567
0.633
1
0.917
0.733
1
0.842
1
0.858
0.433
0.839
0.233
0.967
0.733
0.433
1
0.75
0.392
0
0.983
0.167
0.175
0.983
1
0.9
0.725
0.95
0.75
0.783
0.783
0.925
0.091
1
0.958
1
0.575
0.592
0.724
0.633
0.3
0.717
0.233
1
0.9
0.819
0.808
0.517
0.475
0.817
1
0.982
0.508
1
0.975
0
1
0.717
0.975
0.925
0.918
0.636
0.342
0.915
0.442
0.267
0.917
0.617
0.708
1
0.9
0.317
1
0.917
0.983
0.833
0.75
0.592
0.792
0.667
0.009
0.15
0.542
0.653
0.117
0.708
0.61
0.95
0.977
0.842
0.3
0.525
0.892
0.57
0.275
0.148
0.85
1
0.35
0.585
0.558
0.805
0.817
1
0.852
0.65
0.192
0.6
0.933
1
0.267
0.533
0.725
1
0.233
0.608
0.642
0.267
0.725
0
0.558
0.058
0.717
0.058
0.992
1
0.925
1
0.975
1
0.195
0.917
0.867
1
0.169
0.25
0.1
0.8
0.75
1
0.275
0.924
0.958
0.742
0.856
0.325
0.767
0.075
0.592
0.056
0.542
0.9
0.967
1
1
0.636
1
0.783
0.15
1
1
0.61
0.583
0.983
0.669
1
0.858
1
0.733
0.867
0.15
0.75
0.642
0.95
0.602
0.783
0.917
0.65
0.842
1
1
0.817
1
0.875
0.583
0.833
0.068
0.567
1
0.883
0.683
1
0.658
0.008
0.875
0.533
0.89
0.742
0.767
0.225
0
0.692
1
0.042
0.925
0.292
0.8
0.642
0.931
0.862
0
0.5
0.925
0.917
0.85
0.95
0.808
1
0.158
0.788
0.833
1
0.892
0.167
1
0.842
0.89
0.75
0.7
0.933
0.467
0.217
0.083
0.358
0.883
0.808
0.667
0.008
0.683
0
0.8
0.492
1
0.675
1
0.408
1
0.942
0.758
0.717
0.683
0.35
1
0.608
0.622
0.008
0.08
0.433
0.25
1
0.75
0.85
1
0.925
0.867
0.467
1
0.617
1
1
0.642
0.058
0.85
0.708
1
0
0.392
1
1
1
0.797
1
0.567
0.725
1
0.543
0.575
0.375
0.9
0.733
0.816
0.9
0.737
0.942
0.567
0.508
1
0.675
1
0.75
0.067
0.783
0.9
0.575
0.1
1
0.89
0
1
0.7
1
1
1
0.883
0.989
0.35
1
0
0.792
0.892
0.917
0.808
0.608
0.508
0.325
1
0.025
0.621
1
0.378
0.6
0.442
0.5
1
0.858
1
0.858
0.617
0.3
0.775
0.8
0.925
0.4
0.408
0.983
0.917
0.967
1
0.983
0.917
0.692
0.158
1
0.025
0.431
0.958
0.725
0.233
0.675
1
0.433
0.608
1
0.175
0.733
0.608
0.933
0.458
0.125
0.342
0.825
0.492
0
0.642
0.746
1
0.771
1
0.25
0.758
0.067
1
0.85
1
0.083
0.358
0.092
1
0.864
0.45
1
0.818
0.517
0.383
0.992
0.183
0.175
0.775
0.942
0.881
0.967
0.233
1
0.7
0.558
1
0.825
0.792
0.65
0.342
1
1
0.883
1
0.167
0.817
0.417
0.258
0.417
1
0.85
1
0.633
1
0.542
0.908
0.358
1
1
0.433
0.458
0.718
1
0.7
0.372
0.85
0.592
1
0.842
0.858
0.75
0.759
0.717
0.983
0
0.69
0.737
0.408
0.833
1
1
0.983
1
1
0.225
1
0.85
0.95
0.7
0.167
0.15
0.763
1
0.4
0.883
1
0.193
0.267
0.808
0.875
1
0.818
0.225
1
1
0.305
0.65
0
0.425
0.575
0.317
0.283
1
1
0.767
1
0.811
1
0.767
0.775
0.789
1
0.847
0.467
0.808
0.336
0.318
1
1
0.297
0.767
0.644
0.508
0.967
0.875
0.634
0.408
0.817
0.102
0.875
1
0.03
0.6
1
1
0.746
0.254
0.333
0.8
0.567
1
0.85
0.602
0.65
0.308
0.517
0.966
0.717
1
1
1
0.75
0.408
0.792
1
0.784
0.771
0.466
0.25
0.727
0.983
0.941
0.917
0.836
0.917
0.992
1
1
0.783
1
0.636
0.425
0.892
0.344
0.939
0.858
0.883
0.967
0.75
0.608
0
1
0.93
0.8
0.217
0.392
1
0.65
0.992
1
0.1
1
1
0.767
0.575
1
0.737
0.042
0.658
0.833
0.5
1
0.792
0.825
0.45
0.977
0.692
0.758
0
1
0
0.825
0.246
0.387
0.442
0.95
0.042
0.333
0.966
0.592
0.675
0.433
0.388
0.65
0.408
0.508
1
0.35
1
0.625
0.112
1
0.183
0.142
0.633
0.475
0.642
0.367
0.308
0.85
0.652
0.308
1
0.568
0.511
0.617
0.467
0.792
0.4
0.858
0.9
0.967
0.763
0.617
0.758
0.974
0.85
1
0.917
0.833
0.542
0.892
1
0.867
1
1
0.458
0.408
1
0.788
0.683
0.592
1
0.667
1
0.25
0.992
0.775
0.967
0.883
0
0.908
0.983
0.867
0.642
0.925
0.85
0.208
1
0.067
0.754
0.967
0.542
0.883
0.25
0.083
1
0.342
0.642
0.775
0.875
0.892
1
0.742
0.883
0.367
0.695
1
0.542
0.933
1
0.817
1
0.042
0.667
0.966
0.383
0.339
0.9
0.6
0.858
0.558
0.808
0.7
0.808
0.575
0.725
0.883
1
0.2
0.08
0.217
0.525
0.083
0.658
0.958
0.708
1
1
0.95
0.65
0.758
0.932
0.542
0.925
0.383
0.317
0.483
0.308
1
0
0.525
0.133
0.175
1
0.033
0.974
0.989
0.95
0.808
0.686
0.915
1
0.242
0.167
0.842
0.258
0.975
0.242
0.008
0.625
0.517
0.617
0.95
0.983
1
1
0.967
0.717
0.758
0.85
0.3
1
0.915
0.242
0.283
1
0.45
0.867
0.617
0.608
1
1
1
0.867
0.242
0
1
0.8
0.983
0.417
0.833
0.142
0.508
1
0.05
1
0
0.692
0.322
0.008
0.983
1
0.989
0.4
0.958
0.75
1
0.72
0.075
0.767
0.067
0.818
0.758
0.217
1
0.95
0.942
0
0.908
0.9
0.93
0.763
0.633
1
1
0.558
0.842
0.7
0.925
1
1
0.095
0.892
0.95
0.867
0.992
0.864
1
0.05
0.336
1
0.127
0.95
1
1
0.898
0.254
0.898
0.15
0.989
0.225
0.217
0.217
0.283
0.508
1
0.167
0.873
0.925
0.833
0.367
0.175
1
0.85
1
0
0.867
0.208
0.317
0.433
0.833
0
1
0.883
0.805
0
0.92
0.858
0.783
0.983
0.892
0.758
0.193
0.767
0.717
0.725
0.625
1
0.992
0.442
0.267
0.65
0.983
1
0.767
0.375
0.017
0.567
0.867
0.575
0.675
0.225
1
0.017
0.517
0.808
1
0.925
0.35
0.75
0.7
1
0.3
0.908
1
0.8
0.619
0.664
0.386
0
0.85
1
0.808
0.742
0.392
1
0.9
0.305
0.117
1
0.192
1
0.308
0.808
0.1
1
1
0.95
0.983
1
1
0.983
1
0.483
0.552
0.773
0.792
1
0.933
0.717
0.875
0.948
0.592
0.692
1
0.342
0.568
0.992
1
0.858
0.825
0.375
0.025
0.517
0.908
0.45
0.708
1
1
1
0.967
0.592
0
0.158
0.958
0.917
1
0.975
0.867
0.992
1
0.625
0.475
1
0.292
1
0.4
0.867
1
1
0.008
0.853
0.642
0.108
0.958
0.212
0.6
0.908
0.283
0.458
0.178
1
0.636
0.575
0.225
0.875
0.567
0.892
0.773
0.932
0.842
0.878
0.958
1
0.575
0.983
0.583
1
1
0.925
1
0.9
0.783
0.825
0.817
0.95
0.942
0.642
0.4
0.675
0.792
0.525
0.112
1
1
0.133
0.7
0.875
0.875
0.983
0
0.458
0.992
1
0.958
0.567
0.733
0.008
1
0.975
0.842
0.543
0.542
1
0
0.975
0.958
0.95
0.95
0.25
0.575
0.158
0.817
1
0.65
1
0.25
0.483
0.669
0.85
0.767
1
1
0.633
0
1
1
0.136
0.25
0.75
0.102
0.442
0.9
0.042
0.992
0.942
1
0.7
0.425
1
0.758
0.081
1
1
0.868
0.775
0.917
0.892
0.567
0.483
1
0.642
0.525
1
0.642
0.915
0.575
0.95
0.78
0.633
0.342
0.308
0.7
0.008
0.908
1
1
1
0.314
0.883
0.466
0.475
0.125
0.767
0.342
1
0.017
0.817
0.883
0.283
0.95
0.458
0.442
1
1
0.925
0.525
0.5
0.924
1
0.845
0.642
0.133
1
1
0.083
0.742
0
0.15
0.7
0.942
0.95
1
0.991
0.875
1
0.745
0.592
0.625
0.875
0.85
0.85
0.95
0.825
0.767
0.983
0.775
0.292
0.017
0.278
0.151
1
0.392
1
0.692
0.942
0.992
1
0.858
0.692
1
0.25
0
0.933
0.883
0.925
0.842
0.267
0.992
0.992
0.383
0.767
1
1
0.392
0
0.15
0.517
0.542
0.9
0.325
0.508
0.425
0.825
1
0
0.992
0.975
0.958
0.898
0.108
1
0.192
0.842
0.6
0.034
0.648
1
0.85
0.975
0.658
0.308
0.875
0.033
0.583
0.717
1
0.992
0.758
0.492
0.133
0.967
0.943
0.083
0.858
0.867
0.75
0.2
0.125
0.208
0.675
0.711
1
0.642
1
0.783
0.933
1
1
0.55
0.792
1
0
0.508
0.342
0.567
0.058
0.392
0.858
0.667
0.392
0.992
0.542
0.825
0.892
1
0
0.858
0.875
1
1
0.908
0.233
0.858
1
0.667
0.85
1
0.508
0
0.983
0.482
0.867
1
1
0.983
0.983
1
0.079
0.917
0.583
0.568
0.617
0.442
0.989
1
0.517
1
0.925
1
0.783
0.825
0.655
0
0.733
0.817
0.617
0.583
0.957
0.933
0.233
0.333
0.267
0.825
0.842
1
1
1
1
0.758
0.75
1
1
1
0.559
0.167
0.825
0.989
0.8
0.758
0.95
0.873
0.758
0.008
0.644
1
0.576
0.886
1
0.908
0.904
0.542
0.983
0.7
0.633
0.381
0.975
0.967
0.817
0.767
1
1
0.992
0.767
0.483
0.75
1
0.825
0.117
0.575
0.325
0.067
0.292
0.242
0.864
1
0.483
0.75
0.867
0.442
0.367
1
0.2
0.775
0.575
0.229
0.517
1
0.9
0.7
0.8
0
0.724
1
0.95
1
0.15
0.875
0.833
1
1
0.475
0.958
0.925
0.737
1
0
0.975
0.733
0.373
1
0.867
0.433
0.125
0.773
0.992
0.342
1
0.775
0.708
1
0.181
0.067
0.767
1
0.975
0.783
0.932
0.642
0.758
0.831
1
0.2
1
0.25
0.983
1
0.967
1
0.208
0.833
0.558
0.644
0.758
1
0.725
0.725
0.308
0.656
0.75
0.535
0.5
1
0.075
1
0.617
1
0.907
1
0.936
0.8
0.842
0.344
0.992
1
0
0
1
0.535
0.75
0.808
0
0.822
0.422
0.167
0.967
0.8
1
0.867
0.008
0.833
0.6
1
0.325
0.592
0.664
1
0.575
0
0.642
0.35
1
0.692
0.804
0.9
0.356
0.858
0.983
1
0.833
0.992
0.442
1
0.383
0
0.55
1
0.892
1
0.908
0.317
0.925
0.908
1
1
0.5
0.983
1
0.347
1
0.667
0.433
1
0.558
1
0.417
0.475
0.992
0.872
0
0.884
0.333
0.825
0
1
0.466
0.842
1
0.725
1
1
0.492
0.7
0.95
0.842
0.783
0.85
0.6
0.4
0.175
0.008
0.8
0.175
0
0.558
0.692
0.814
0.625
0.625
0.875
0.267
0.967
0.442
1
0.474
0.833
1
0.425
0.058
1
0.917
0.9
1
1
0.792
1
1
0.658
0.808
0.558
0.217
0.892
0.966
0.225
0.183
0.942
0.175
0.042
0.967
0.858
0.65
0.892
0.733
0.742
0.535
0.025
0.15
1
0.625
1
0.25
0.9
1
0.467
0.917
0.917
0.667
0.758
1
0.229
0.825
0.909
0.533
0.975
1
0.725
0.183
0.117
0
1
0.7
0.775
1
1
0.917
0.9
0.95
1
0.717
0.625
0.675
0.808
1
0.883
0.992
0.383
0.992
1
0.458
0.833
0.958
0.908
0.75
0.967
1
0.375
0.025
0.345
0.158
0.275
0.3
0.967
0.508
0.817
0.925
1
0.758
0.1
0.85
0.642
0.142
1
0.533
0.083
0.355
0.992
0.225
0.992
0.492
0.817
1
0.717
0.517
0.583
0.983
0.833
0.925
0.725
0.892
0.892
0.712
0.867
0.858
0.792
0.925
0.608
0.792
0.989
1
0.508
0.675
1
0.317
0.237
0.75
0.95
0.552
1
0.908
1
0.127
0.45
0.836
0.75
0.192
0.233
0.942
0.533
0.625
0.237
0.883
0.217
0.525
0.275
0.85
0.789
0.917
0.792
0.575
0.292
0.576
0.917
0.167
0.9
0.817
0.678
0.261
0.95
0.892
0.808
0.433
0.956
0.136
0.733
0.267
1
0.642
0.793
1
0.75
0.833
0.983
0.825
0.292
0.808
0.217
0.83
0.908
0.142
0.25
0.992
0.842
0.919
0.492
0.942
0.642
0.092
0
0.817
0.592
0.233
0.6
0.717
0.558
0.417
0.942
0.35
0.483
1
0.85
1
0.833
0.775
0.525
0.422
1
0.758
0.083
1
1
0.988
0.675
0.975
0.75
0
0.183
0.225
0.467
0.217
0.817
0.308
1
1
0.758
0.483
0.917
0.881
0.925
0.333
0.133
0.175
0.108
0.708
0.795
0.873
1
0.9
0.85
0.608
0.398
0.9
0.242
0.958
0.798
0.992
0.159
0.6
1
0.917
0.983
0.653
0.842
0.842
0.644
0.9
0.875
0.583
0.075
0.508
0.595
0.678
0.925
0.831
0.733
0.8
0.858
1
0.467
0.608
0.833
0.625
0.381
0.808
0.911
0.792
0.925
0.542
0.55
1
0.542
0.892
0
0.983
1
0.65
0.558
0.881
0.579
0.792
1
0.642
0.708
0.797
0.625
0.875
0.342
0
0.858
0.908
0.85
0.692
0.408
0.5
0.967
1
0.658
0.712
0.915
0.78
0.991
0.85
0.825
0.583
0.558
0.992
0.95
1
1
1
0.592
1
0.892
0.478
0.867
1
0.675
0.217
0.6
0.042
1
0.558
1
0.75
0.992
1
0.225
0.625
0.183
0.534
0.242
0.653
1
0.075
0.178
0.284
0.858
1
0
0.633
0.65
1
0.917
0.183
0.847
0.9
0.992
1
0.208
0.105
0.833
0.992
0.417
0.7
1
0.102
0.875
0.325
1
1
1
0.988
0.283
0.975
0.45
0.534
1
0.875
0.975
0.864
0.95
1
0.633
0.425
0.717
0
0.975
0
1
0.95
0.875
0.567
0.367
0
0.792
0.742
0.717
0.067
0.85
0.967
0.85
0.817
1
1
0.625
0.725
0.792
0.425
1
1
0.333
0.675
0.625
0.267
0.933
1
1
0.742
1
0.167
0
0.783
1
0.558
0.872
1
0.758
0
0.408
0.692
0.69
0.808
0.975
0.842
0.678
0.283
0.533
1
1
0.667
1
0.589
1
0.567
0.933
1
0.117
1
0.6
0.475
0.783
0.398
0.142
0.375
0.398
1
0.932
0.925
1
0.908
1
0.534
0.983
0.308
0.956
0.273
0.933
1
0.941
1
0.733
0.317
0.9
1
0
0.942
0.1
0.85
0.875
0.8
0.958
0.5
1
0.933
0.5
1
0.033
0.75
0.667
0.817
0.767
0.983
0.942
0.869
0.667
0.746
0.333
0
0.792
0.85
0.883
0.051
0.242
0.233
0.917
0.967
0.933
0.967
0
1
0.158
0.008
0.75
0.858
1
1
1
0.283
0.983
0.358
0.8
0.225
0.05
0.475
0.175
0.977
1
0.875
0.875
0.837
0.75
0.192
0.974
0.892
0.917
1
0
0.78
0.842
1
0.525
0.158
0.308
0.642
0.675
1
0
0.527
0.508
0.831
0.95
0.975
0.7
0.1
0.858
0.558
0.966
0.925
0.842
0.992
0.8
0.927
0.92
0.158
0.983
0.725
1
0.058
0.917
0.958
0.758
0.2
0.95
0.967
0
0.058
0.992
0.95
0.4
0
1
0.792
0.858
0
0.508
0.767
0.971
0.792
0.242
0.283
0.966
0.967
0.733
0.917
0.8
0.217
0.7
0.858
0.95
0.792
1
1
1
0.983
0.983
0.842
0.155
0.4
0.592
0.692
0.417
0.828
0.658
0.075
0.558
0.933
0.9
0.508
0.533
1
0.967
0.258
0.742
0.558
1
0.85
0.892
0.542
1
0.858
0.933
0.669
0.075
0.608
0.583
0.233
0.819
0.833
0.967
0.9
0.733
1
0.533
0.733
0.133
1
0.733
0.725
0.508
0.025
0.133
0.644
1
1
0.967
0.9
0.685
0.975
0.083
0.867
0.862
0.117
1
0.733
0.908
0.25
0
0.817
0.375
1
0.742
0
0.975
1
0.925
0.933
0.475
0.958
0.567
0.883
0
1
0.158
0.875
1
0.64
0.317
0.763
0.992
0.192
0.742
0.25
0.533
0.967
0.208
0.314
0.725
0.833
1
1
0
0.533
1
0.758
1
0.551
1
0.983
0.891
0.675
1
0.358
0.058
0.95
1
0.892
0.942
0.211
0.342
1
0.758
0.85
0.9
0.267
0.65
0.758
1
1
0.283
0.95
0.208
0.35
0.186
0.569
1
1
0.117
1
0.818
0.67
0.3
0.067
0.075
0.917
0.55
0.7
1
0.783
0.583
0.783
0.842
1
0.367
0.825
0.892
0.85
1
0.033
0.025
0.008
0.642
0.217
0.45
0.417
0.267
0.933
0.058
0.967
0.9
0.9
0.712
0.742
0.658
0.586
1
0.576
1
0.275
0.167
0.575
0.2
0.758
0
0.534
1
0.967
0.192
0.008
0.105
0.9
0.342
0.805
1
0.992
0.919
0.708
1
0.317
0.2
1
0.6
0.608
0
0.192
0.447
0.875
1
0.267
0.992
0
0.758
0.667
0.825
0.375
0.833
1
1
0.733
1
0.233
1
0.967
0.925
0.958
0.467
0.967
0.983
1
0.742
0.775
0.608
0.858
1
0.7
0.467
1
0
0.883
0.775
1
0.425
0.242
0
0.283
0.483
1
0.642
0.408
0.783
1
0.7
1
1
0.992
0.9
0.9
0.1
0.127
1
0.992
1
0.208
0.908
0.842
0.975
0.992
0.283
1
1
0.875
1
0.467
1
0.35
0.611
1
0.683
0.009
0
0.933
0.589
1
1
0.708
0.78
0.217
0.125
0.9
1
1
0.858
0.114
0.183
0.967
0.183
0.967
0.05
0.708
0.6
0.992
1
0
0.458
0
0.5
1
0.325
0.883
0
0.342
0.544
1
1
0.408
0.475
0.05
0.475
0.661
0.767
1
0.842
0.933
0.973
0.448
0.775
1
0.008
0.342
0.602
0.991
1
0.825
0.508
0.908
0.733
1
0.008
0
0.975
0.975
0.825
0.217
0.317
0.989
1
1
0.458
0.45
0.958
0.717
1
0.958
0.875
1
0.925
1
0.958
0.908
0.858
1
0.233
0.875
1
0.883
0.75
0.342
0.784
0.892
1
0.625
0.825
0.875
0.693
0.933
0.8
0.983
0.783
0.975
0.542
0.933
0.8
0.864
0.825
0.167
0.075
0.95
0.917
0.367
0.458
0.608
0.733
0.407
1
0
0.292
1
0.233
0.602
0.825
0.642
1
0.45
0.483
0.371
0.203
0.308
0.792
0.35
1
0.117
0.733
0.058
0.924
1
1
0.033
0.284
0.708
0.358
1
0.867
0.259
0.744
1
0.25
0.917
0.849
0.9
0.267
0.442
0.717
0.35
0.283
0.511
1
1
0.763
0.692
0.175
0.975
1
0.675
0.925
0.25
0.892
1
0.35
0.922
0.636
0.742
0.242
1
0.642
0.4
0.822
0.678
0.933
1
1
0.593
0.708
1
0.9
1
1
0.567
0.992
1
0.925
0.833
0.175
0.475
0.217
0.091
0.61
0.275
0.008
0.783
0.096
0.625
0
0.867
0.792
0.017
0.275
0.317
0.975
0.85
0.325
0.875
0.858
0.958
0.925
0.55
0.825
1
0.633
1
0.533
0.75
0.975
0.817
0.5
0.908
1
0.85
0.667
0.95
0.183
0.742
0.825
0.708
0.992
0.42
0.317
0.983
0.008
0.617
0.717
1
1
1
0.544
0
0.892
0.142
1
0.081
0.308
0.367
0.925
0.915
0.942
1
0.975
0.833
1
0
0.075
0.89
0.933
0.85
0.858
0.65
0
1
0.897
1
0.925
0
0.075
1
0.792
0.407
1
0.992
1
1
0.117
0.675
0.883
1
0.85
1
0.833
0.383
0.425
0.7
0.892
1
0.95
0.542
0.933
0.883
1
0.808
0.025
0.908
0.175
0.392
0.625
1
1
0.7
0.508
0.825
0.95
0.695
0.658
0.864
0.975
0.808
0.658
0.8
0.392
0.683
0.967
0.708
0.542
1
0.175
0.667
0
0.78
1
0.678
0.025
1
0
0.95
0.933
0.808
1
0.808
1
0.475
0.825
0.767
0.783
0.025
1
0.833
0.492
0.933
1
0.333
0.683
0.425
0.733
1
0.892
0.958
0.675
0.092
0.356
0.05
0.214
0.567
0.15
0.917
0.775
1
0.517
0.983
1
0.6
0.725
0.158
0.942
1
0.925
0.225
0
0.708
0.767
1
0.042
1
1
0.712
0.364
0.908
0.3
0.818
0.883
0.583
0.924
1
0.917
0.907
0.467
0.967
1
0.525
1
0.317
0.06
1
0.925
0.977
0.758
0.817
0.167
1
1
1
0.375
0.208
0.5
0.683
0.958
0.991
0.358
0.825
0.792
0.058
0
0
0.008
0.842
0.267
0.25
1
0.825
0.958
0
0.95
1
0.792
0.867
0.825
0.617
0.875
0.683
1
0.858
0.322
0.717
0.783
0.258
1
1
0
1
0.967
0.798
1
0.958
1
0.208
0.775
0.617
0.875
0.692
0.958
1
1
1
0.933
1
0.967
0.308
0.667
0.914
0.792
1
0.708
0.25
0.867
0.833
0
1
0.842
1
0.625
0.879
0.842
0
1
0.591
0.875
0.092
1
0.1
1
0
0.667
0.658
0.008
0.708
0.6
0.792
0.625
0.228
0.75
0.692
0.5
0.758
0.933
0.058
0.475
0.783
0.608
0.742
1
0.542
0.45
0.067
0.917
1
0.508
0.258
0.542
0.667
0.792
0.638
0.292
0.284
0.625
0.881
0.008
0.917
0.658
0.658
0.167
0.192
0.967
0.967
0.117
0.692
1
0.7
0.825
1
0.683
0.092
0
0.95
0.225
0.708
0
0.683
1
0.8
0.109
0.2
0.932
1
0.025
1
0.925
0.075
0.898
0.95
0.883
0.833
0.108
0.925
0.925
1
0
0.867
0.333
1
0.775
0.958
1
0.881
0.364
0.818
0.55
0.858
0.142
0.908
1
0.725
0.842
0.967
0.378
0.475
0.967
0.783
0.224
1
0.033
0.583
0.558
0.8
0
1
1
1
0.059
0.958
1
0.692
1
0.933
1
0.342
0.7
0.092
0.658
0.729
0.925
0.942
0.75
0.295
1
0.992
0.633
0.892
0
0.589
0.892
0.875
0.511
0.858
0.836
0.308
0.117
1
1
1
0.925
0.381
0.033
0.966
0.85
0.983
1
0.442
0.933
0.551
0.742
0.89
0.851
0.567
0.967
0.553
0.758
1
0.908
0.967
0.983
0.9
0.383
0.967
0.225
0.958
0.308
0.733
1
0.842
1
0.492
0.958
0.725
0.875
0.792
0.767
0.523
0.467
1
1
0.8
0.442
1
0.975
0.9
0.233
0.017
0.992
0.767
0.442
0.983
0.55
0.717
0.792
1
0.983
0.737
0.917
0.6
1
0.717
0.967
0.317
0.667
0.533
0.233
0.242
0.317
0.444
0.183
1
0.142
0.647
0
0.433
0.75
0.275
0.733
0.45
1
0.8
0.858
0.192
0.6
0.417
0.2
0.983
0.658
1
0.608
0.209
0.1
0.9
0.181
0.75
0.742
0.633
1
0.586
0.592
1
0.8
0.872
0.033
0.392
0.883
0.992
1
1
0.933
1
0.883
0.603
0.467
1
0.533
1
0.417
0.783
0.133
0.458
0.817
0.775
0.758
1
0.817
0.85
0.217
0.9
0.008
0.25
0.333
1
0.275
0.775
1
0
0.802
0.658
0.792
0.258
1
0.655
0.558
1
0.792
0.314
0.933
1
0.9
1
0.342
0.683
1
0.833
1
0.933
0.817
0.867
0.875
0.892
0.933
0.947
0.117
1
0.892
0.534
0.767
1
0.558
0.842
1
0.717
0.733
0.958
0.833
0.534
0.9
0.908
0.042
0.196
0.175
1
1
1
0.325
0.592
0.75
0.792
1
0.983
0.814
0.075
1
0.958
0.933
0.308
0.092
1
1
0.949
0.917
0.5
0.592
1
0.783
0.725
0.8
1
0.392
0.417
0.717
1
0.898
0.933
0.942
0.212
0.7
0.892
0.342
1
0.875
1
0.879
0.672
1
1
1
1
0.992
0.992
0.343
1
0.383
1
0.492
0
0.342
0.353
0.375
1
1
0.858
0.85
0.967
0.942
0.966
0.142
0.78
0.511
0.817
0.958
0.448
1
1
0.783
0.733
1
0.892
0.867
0.767
0.6
0.767
0.883
0.775
1
1
0.167
1
1
1
1
0.083
0.933
0.875
0.237
0.975
0.733
0.65
0.983
0.644
0.508
0.9
0.583
1
0.517
1
0.667
0.648
0.967
0.867
0.458
0.883
0.958
0.669
0.325
0.75
0.411
0.977
1
0.892
0.975
0.683
0.011
0.983
0.042
1
0.712
0.117
0.133
0.043
0.958
0.533
1
0.758
0.367
0
0.467
0.808
0.992
0.568
1
0.65
0.342
0.661
1
1
0.211
0.567
0.883
0.975
0.642
0.974
0.058
0.958
0.625
0.542
0.17
1
1
0.658
0.792
0.45
0.717
0
0.55
0.703
0.883
0.803
0.85
0.725
0.545
0.733
0.933
0.417
0.817
0.417
0.908
0.717
1
0.883
1
0.178
1
0.802
1
0.275
0.525
0.55
0.858
0.733
0.8
0.792
0.617
0.87
1
1
0.975
1
1
0.9
0.367
0.758
0.983
0.583
0.767
1
0.833
0.242
0.933
0.692
0.608
0
0.983
0.033
0.15
0.675
0.754
0.317
0
0.633
0.883
0.683
0.375
0.822
0.542
0
0
0
0.875
0.78
0.767
1
1
1
0.102
1
0.983
0.633
0.758
1
0.908
0.133
0.39
0.875
0.733
1
1
0.8
0.867
0.295
0.25
0.034
1
1
0.858
1
0.727
1
1
0.817
0.297
1
0.675
0.3
0.892
1
0.958
0.592
0.708
1
0
0.933
0.858
0.6
0.942
0.125
0.551
0.186
0.924
1
0.958
1
0.5
0.942
1
0.742
0.974
0.925
0.892
0.958
1
0.933
1
1
0.793
0.892
1
0.208
0.608
0.692
0.879
0.864
0.225
0.958
0.083
0.49
0
1
0.65
0.958
1
0.642
1
0.925
0.314
0.7
0.716
0.017
0
1
0.95
1
0.983
0.358
0.392
0.864
0.798
0.317
0.717
0.358
0.7
0.217
0.908
1
0.05
1
0.872
0.675
0.975
0.025
0
0.9
0.958
1
0.842
0.792
0.025
0.667
0.5
0.908
0.833
0.542
0.275
0.367
0.6
0.375
0.725
0.8
0.856
1
0.776
0.817
0.857
0.314
0.658
0.892
0.767
1
0.892
0.383
0.917
0.725
0.975
0.292
0.314
0.875
0.65
0.975
0.558
0.35
0.242
1
1
1
0.508
1
0.625
0.883
0.958
0.992
1
1
1
0.917
0.383
0.742
0.833
0.583
0.682
0.775
0.567
0.975
0.525
0.517
0.217
0.533
0.792
0.242
0.783
0.667
0.733
1
0.6
0.125
1
0.15
0.875
0.967
1
1
0.975
1
0.2
1
0.158
0.833
0.775
1
0.983
0.6
0.525
0.8
0.78
1
0.733
0.692
1
0.831
0.033
0.342
0.5
0.042
0.058
1
0.667
0.7
0.989
0.375
0.442
0.65
0.767
0.942
0.992
0.898
0.65
0.932
1
0.881
0.992
0.617
0.867
1
0.45
0.65
0.825
0.9
0.708
1
0.65
0.667
0.6
1
1
0.758
0.725
1
0.217
0.783
0.358
0.942
0.158
0.598
1
0.683
0.578
0.3
0.958
1
0.692
1
0.108
0.392
1
0.733
0.667
0.795
0.917
0.975
0.398
1
0.992
0
0.775
0.367
0.575
0.825
0.308
0.288
0.754
0.958
0.483
0.375
0.924
0.817
0.208
0.808
1
0.658
0.858
0.758
0.898
0.836
0.759
0.017
0.733
0.258
0.575
0.193
1
1
0.817
1
0.492
0.6
0.792
0.842
1
1
1
0.342
0.008
0.908
0.817
1
0.342
0.933
0.167
1
0.742
0.258
0.167
0.325
0.517
0.825
0.7
0.417
1
1
0
0.967
0.408
0.622
0.117
0.817
0.283
0.325
0.458
0.95
1
0.567
1
0.817
0.075
0.804
0.883
1
0.892
0.658
0.375
0.319
0
0.881
0.492
1
0.6
0.583
0.224
0.675
0.192
1
0.087
1
0.858
0.136
0.989
1
0.617
0.608
1
0.192
0.417
0
0.3
1
0.033
0.883
0
0.25
0.992
0.383
0.825
0.658
0.356
1
0.975
0.292
0.3
0.858
0.319
0.583
1
0.871
0.5
0.783
0.967
0.9
0.825
0.367
0.95
1
1
0.883
0.3
0.942
1
1
0.892
1
0.842
0.917
0.983
1
0.7
0
0.742
0.808
0.967
0.833
0.633
0.975
1
0.667
0.983
0.517
0.392
0.917
1
0.15
0.858
0.658
0
1
0.575
0.7
0.467
0.967
0.742
0.763
0.99
0.008
0.758
0.975
0.825
1
0.808
0.95
0.842
0.033
1
0.992
0.275
0.017
0.633
1
1
0.392
0.609
0.839
0.85
0.058
0.589
0.842
0.283
0.833
0.9
0.742
0.833
0.842
1
0.325
0.767
0.708
1
0.592
0.05
0.933
0.908
0.908
0.933
0.45
0.981
0.742
1
0.695
0.542
1
0.508
0.025
0.733
0.283
0.425
0.583
0.477
1
0.709
0.9
0.925
0.967
0.875
0.942
0.867
0.667
0.31
0.942
0.158
0.008
0.825
0.625
0.517
0.65
0.683
0.233
0.857
0.683
1
0.978
0.208
0.035
1
0.908
0.088
0.592
0.942
0.075
0.567
0.883
1
0.925
0.492
0.208
0.558
0.983
1
0.695
0.025
0.517
0.233
0.214
1
0.625
0.991
1
0.067
0.783
0.8
0.342
0.45
1
0.958
1
0.792
0.367
0.8
0.717
0.95
0.975
1
1
0.932
0.775
0.525
0.875
0.842
0.675
0.412
1
0.61
0.058
0.925
0.883
0.7
0.867
0.025
1
0.625
1
1
0.783
0.733
0.8
0.75
0.517
0.858
0.783
0.808
0.992
0.379
0.833
0.475
0.72
0.508
0.233
0.975
0.992
0.942
0.125
0.492
0.592
0
0.625
0.842
0.867
0.198
0.179
0.1
0.158
0.831
0.992
0.542
0.78
1
1
1
1
0.991
0.81
0
0.925
0.575
0.808
0.167
0.817
1
0.75
0.867
0.775
0.575
1
0.592
0.8
0.842
0.281
1
0.992
0.22
0.708
0.892
1
0.975
1
0.6
1
0.9
0.754
0.05
0.632
0.825
0.208
0.108
1
0.533
0.8
0.983
1
0.424
0.167
0.183
0.867
0.4
0.681
1
1
0.808
0.814
0.275
0.163
0.808
0.058
0.95
0.85
0.183
1
0.708
0.325
1
0.808
0.3
0.992
0.325
0.625
1
0
0.333
1
1
0.967
0.867
0.942
0.1
0.5
0.017
0.989
0.525
1
0.458
0.633
0.917
0.775
1
0.833
0
0.983
0.992
0.983
1
0.142
0.842
0.258
1
0.925
0.8
1
0.267
0.958
0.398
0.342
0.717
0.989
0.767
0
0.783
0.075
0.417
0.758
0.9
0.678
1
0.633
0.695
1
1
0.883
0.958
0.492
0.558
0.9
0.178
0.717
0.383
0.758
0.917
0.58
1
0.25
0.317
1
1
1
0.908
0
0.5
0.95
0.875
1
0.875
0.342
0.772
0.85
0.667
1
0.883
0.958
0.183
0.75
0
0.816
0.892
1
1
0.592
0.775
0.283
1
0.212
0.217
0.988
0.611
0.667
1
0.1
0.1
0.817
1
1
0.767
0.992
0
0.558
0.258
1
0.625
1
0.933
0.7
1
0.943
1
1
0.644
1
1
1
0.992
0.1
0.917
0.533
0.817
0.375
0.442
0.967
0.9
0.712
0.492
0.567
1
0.358
0.808
0.925
0.783
0.992
0.178
0.746
0.425
0.05
1
0.379
0.925
0.325
0.625
0.392
1
1
1
0.958
0.192
0.754
0.808
1
0.95
0.742
0.425
0.358
0.45
0.683
0.839
1
0.642
1
0
0.883
0.358
0.7
0.758
0.992
0.825
0.125
0.85
0.467
0.842
0.692
0.667
0.108
0.967
0.975
0.975
0.725
1
0.879
0.983
0.825
0.908
0.817
0.433
1
0.592
0.542
0.153
0.675
0.825
1
0
0.583
0.092
0.517
0.917
0
0.533
1
0.767
0.933
0.7
0.817
0.117
0.408
0.675
0.353
1
0.733
1
1
0.915
0.917
0.642
0.867
0.167
0.93
0.576
1
0.533
0.75
1
1
0.658
0.517
0.958
0.083
0.95
0.333
0.317
0.3
0.742
1
0.875
1
1
0.992
0.567
0.592
0.608
0.967
0.717
0.717
0.845
0.283
0.15
0.6
0.841
0.924
0.625
1
0.667
0.358
0.683
0.008
1
0.767
0.373
0.925
0.797
1
0.925
0.633
0.158
0.958
0.693
0
0.95
1
0.992
0.767
0.868
1
1
0.483
0.242
1
1
0.95
1
0.625
1
0.542
0.784
1
0.828
0.55
0.808
1
0.567
1
0.578
1
0.78
0.825
0.833
0.575
0
0.822
0.703
0.533
0.408
0.842
1
0.888
0.675
0.55
0.8
1
0.3
0.449
0.733
0.783
0.55
1
0.942
0.125
1
0.242
0.925
0.975
0.925
1
0.717
1
0.4
0.675
0.883
0.775
1
0.433
0.95
0.225
0.136
0.009
0.975
0.175
1
0.233
0.842
0.958
1
0.767
0.933
0.7
0.989
0.975
0.614
0.908
0.958
0.633
0.408
0.825
0.975
1
0.483
1
1
0.842
0.8
0.5
0.875
0.638
0.576
0.517
0.949
0.318
0.875
0.833
0.325
0.955
0.917
0.733
0.967
0.217
0.217
1
0.267
0.05
0.953
0.775
0.842
0.783
0.6
0.692
0
0.967
0.311
0.967
0.875
0.2
0.567
1
0.992
0.992
0.733
0.642
0.808
1
1
0.263
0.992
0.792
1
0.658
0.717
0.233
1
0.658
0.333
0.325
0.103
0.433
1
0.9
1
0.942
0.842
1
0.65
0.733
0.908
0.333
0.967
0.942
1
0.933
1
0.592
1
0.933
1
1
0.858
0.633
0.367
0.967
0.283
0.559
1
0.617
0.208
0.763
0.989
0.442
0.817
0.983
0.842
0.932
0.775
1
0.283
1
0.367
0.883
0
0.375
0.742
0.858
0.758
0.756
0.992
0.053
0.75
0.95
0.833
1
0.558
0.883
0.25
0.875
0.867
0
0.833
0.351
0.7
0.717
0.875
0.35
0.347
0.443
0.725
0.633
0.633
0.683
0.167
0.75
0.648
0.817
0.933
1
0.983
0.72
1
1
0.295
0
0.695
1
0.467
0.867
0.367
0
0.308
1
0.917
0.433
0.65
0.398
1
0.25
1
0.408
0.892
0.817
0.681
0.055
0.85
1
0.792
1
0.917
1
1
0.733
0.636
1
0.683
0.125
0.658
0.873
0.133
0.65
1
0.314
0.675
0.858
1
0.633
1
0.325
0.442
0.636
0.621
