12.1119622164, 11.5707353635
13.1393055069, 10.5498792674
12.0287938352, 11.724633216
11.9145025122, 11.6703772785
9.91914786313, 12.6021764401
12.6831731821, 9.8413248648
11.8298366744, 11.5111294617
12.5727730603, 10.0876754761
13.0165869614, 10.5545191579
8.6723907173, 12.0977604731
11.7055308599, 11.3473053639
12.6392619736, 9.60196209987
11.901264375, 11.6150108074
12.6261211305, 10.4590016872
12.0650005131, 11.724633216
12.6191913307, 10.1420129006
11.9241943918, 11.7904802232
11.7952573549, 11.4473024085
11.9397050951, 11.8753796757
12.6623486198, 10.2741120545
12.9649519234, 9.77686482378
12.2643705006, 11.8716218829
9.95749808326, 12.4544338492
12.0102347475, 11.5322042888
13.0958749234, 10.7899759177
11.7828611294, 11.2067349299
11.8938047698, 11.6302507354
12.6481902691, 10.0740917107
11.8327015167, 11.4670315782
9.88902043298, 12.36097555
12.8876856003, 10.1436190863
11.8709789103, 11.6029523435
11.9455994062, 11.7619883147
11.8288133603, 11.5764721859
11.7970871277, 11.7479277844
11.535004599, 11.6364494432
9.51323224579, 12.0692661926
9.33900675369, 11.918829994
11.8227738766, 11.6592209307
9.46044979246, 12.3337729735
11.5692139684, 11.0650429618
11.5341755264, 11.4213765628
11.7423690119, 11.3730511011
9.56094251635, 12.256575812
11.7814419872, 11.4700911799
12.2912812106, 11.7459928935
9.40169637564, 12.2220412314
12.9683491283, 10.3772734647
12.1093956836, 11.4102909198
12.2926642326, 11.9678045582
12.9480463708, 10.5272111752
12.0297561354, 11.8022347564
12.8083159895, 10.5247310341
9.78410233719, 12.5217283245
11.7872888984, 11.6227242405
11.6203246698, 11.1857885108
9.21325858701, 12.3141261503
9.3798311559, 12.4362938817
9.45161712393, 12.1122990011
9.18977344654, 12.327717495
11.9691310456, 11.7324602454
9.23254461321, 12.1794455167
11.7233598553, 11.3214335921
11.8350227754, 11.4223114119
12.5339393846, 9.24445726725
11.7085727143, 11.5613589319
12.6412735306, 9.99399111644
12.742316277, 9.74807951074
12.5037112303, 9.64519266253
11.8124750584, 11.6451113184
9.50917373755, 12.1686548906
12.6706396175, 10.0719765952
12.6698305907, 10.0192133133
9.35678329561, 12.1357140534
11.8094613165, 11.6172393886
9.21592614655, 12.1483289616
12.271437434, 11.7719833619
10.4913257633, 11.2587180333
11.9308432994, 11.4667189897
12.0107393009, 11.4036975692
12.9747803964, 10.3613752243
12.2142231853, 11.8318083973
9.34178857236, 12.2358994934
11.9902555698, 11.5954093776
11.6483848177, 11.5801797466
12.0135730254, 11.6985016893
13.0336563311, 10.4862286357
12.917971604, 10.6148705937
12.9359469424, 10.2237550186
12.0847798382, 11.5991707196
11.9706750869, 11.7409525754
11.7826387105, 11.4830890184
12.450701583, 9.96726199746
11.8489395613, 11.5448266332
12.1750984287, 11.7746376546
9.85625449661, 12.4492503043
13.0782462064, 10.7768059112
12.0603523536, 11.8576298607
12.5820594977, 10.2009566105
12.9569118358, 10.5736624377
13.0278186625, 10.4410602358
12.6071781771, 10.1175690084
11.9140573945, 11.6639193547
11.6627627573, 11.0494074359
12.5246352714, 9.66953344387
11.5478250889, 11.4229394714
10.0055358558, 12.144970839
9.34902599023, 12.2289656389
11.7737605335, 11.1352505211
12.6689203979, 10.0867059756
12.5019952975, 9.96959663762
11.9386914499, 11.6205619947
12.6505998422, 9.85053543119
9.24744947256, 12.1959669819
11.9830637925, 11.6056865346
12.5397812852, 10.1765375756
11.7043198992, 11.2759450116
11.6767222958, 11.4565280877
12.7495761639, 10.0469001736
11.7367160706, 11.5357107981
12.604312666, 9.86463451378
9.21066361949, 12.2600264328
12.710053502, 9.80291269342
12.6667998107, 9.75926946019
9.56939643791, 12.4543590415
12.1049439022, 11.8707986936
12.3432376884, 11.9549476085
12.2077116882, 11.7431433371
12.9223469418, 10.4506823588
12.1500692991, 11.6498739302
12.6382018583, 9.90057069675
11.649177698, 11.4209326601
12.3767640565, 9.51767670487
11.6001877447, 11.3706225935
12.1588724272, 11.7438247963
12.8478127101, 10.3529007872
9.65726676896, 12.1943324049
11.7773011536, 11.4996894118
12.1770206631, 11.8181246448
11.6391986339, 11.6369497926
9.03525862384, 12.3399796044
11.8828972666, 11.41845026
9.70673671515, 12.4501787589
9.6655091976, 12.4657296191
12.1390968366, 11.6460203914
12.130501197, 11.5007049826
12.4321751241, 9.81265572207
9.16339900246, 12.0964984289
12.6152941481, 9.89740689047
11.8755582488, 11.3037212835
12.1850595392, 11.8822292211
11.6352927514, 11.3452175872
9.39096127008, 12.1884056966
11.8853255667, 11.734328178
11.625495767, 11.4317959276
11.7167565413, 11.529180663
12.5894318695, 9.63056716503
11.881145775, 11.4916817624
9.57208534617, 12.3894824159
12.0177308453, 11.7361019824
9.2648013782, 12.1786699696
12.2255512756, 11.7469450593
9.33149620849, 12.1209002922
12.9930491827, 10.5527819703
12.6326955814, 9.8513978648
12.0066297949, 11.683995845
11.8778955945, 11.5246863075
11.993350349, 11.6092920403
12.0044408453, 11.6854740068
12.6934353226, 9.48742590224
9.03633688653, 11.9646844139
12.1821736199, 11.9517775256
11.6281193989, 11.5671833715
11.8888353372, 11.5524426494
11.8330653226, 11.4035241011
12.7773874786, 9.82610131183
11.9621410963, 11.7856210891
11.7757287164, 11.5663722919
9.14392843857, 11.9845265768
11.7579358919, 11.4127018363
9.3880649964, 11.6425263534
12.5691465634, 9.5744007502
11.7709493687, 11.1952280721
12.3616319525, 9.75165593219
12.5525422225, 10.0269347495
11.8307891013, 11.5960034062
11.9327004852, 11.7841026861
12.5751484664, 9.75364128508
9.56540118467, 12.1851176811
11.746667333, 11.6352882604
13.0499746193, 10.7320519986
11.5664220683, 11.4565683488
9.28840750021, 12.2368279085
12.4102331125, 9.60946327525
11.9311631419, 11.7783122839
9.44985084809, 12.1880024135
9.63825008503, 12.2280408822
12.6115556897, 9.91817918842
11.9504147466, 11.5994531667
12.7104942838, 10.0527499908
9.69906889404, 12.3638378384
12.8839304132, 10.0573340378
11.9554997758, 11.381041814
9.88772527227, 12.4249844991
11.9215477927, 11.5958743011
11.5402635928, 11.3906037974
9.91041908144, 12.4231228629
11.8903772871, 11.1797818724
11.867348229, 11.6823191349
13.0525861929, 10.42709151
12.1473833993, 11.6524642808
9.28577876908, 12.2493575772
9.20355462145, 12.3257642311
9.34737850274, 12.0024864347
9.21637622825, 12.2488269768
12.5618860212, 10.1575929184
11.8530862604, 11.5731948096
12.6016536291, 9.57998880589
11.7640029732, 11.4843255506
12.4959740203, 9.60581682876
9.21066361949, 12.3236276312
12.7441454705, 9.99621604023
13.1741484288, 10.6728580085
12.2895755638, 11.9115081138
11.8178041375, 11.5099754659
12.8925943034, 10.5192357398
12.0586192804, 11.7406291886
12.0470438889, 11.6024450367
11.7640029732, 11.5439104382
9.51369132609, 12.2095360305
12.243837256, 11.9097922602
9.30836563473, 12.2779592616
12.2415933698, 11.8104576549
12.0602376285, 11.9456600335
9.64965022068, 12.2530214684
12.3446712086, 11.9504759485
9.64629789224, 12.6464440061
12.9154802776, 10.5629981552
11.953354901, 11.5310991781
12.1962408289, 11.8069027163
9.6197083847, 12.4676518815
12.6318334059, 11.3633581156
11.5698072129, 11.5100059513
11.6993720993, 11.5534180009
12.6911305427, 9.99730955272
11.3934859081, 11.1420145039
9.53937302301, 12.3230404243
11.6813278139, 11.8187724697
12.3107310929, 11.9615321964
12.8274688092, 9.89596318869
12.5043101484, 9.81178373894
12.5869513961, 9.57906353063
12.5108896281, 9.90849652124
12.4714684639, 9.75926946019
11.9264066544, 11.4647528379
9.43316775637, 12.0320138242
9.33190446204, 12.4735077284
11.8667920094, 11.3673954748
11.6249304444, 11.5597750979
9.27563265365, 12.3426353314
9.80053707432, 12.3306659857
11.7877705973, 11.5352289204
11.5860131056, 11.6062574381
12.8169382853, 9.79749278677
12.3408612631, 9.46365928213
11.8439981232, 11.8322812797
11.4260203719, 11.2879061481
12.7666741316, 9.82927357592
11.9133158792, 11.6222287663
11.8849081223, 11.6803611576
