0.5 1.000000
0.5 1.000000
0.5 1.000000
0.5 0.983607
0.5 0.000000
0.5 0.000000
0.392 0.983333
0.5 1.000000
0.5 0.900000
0.358 0.983607
0.5 1.000000
0.5 0.000000
0.281 0.966102
0.5 0.000000
0.35 1.000000
0.5 0.000000
0.5 1.000000
0.5 0.983607
0.5 0.983051
0.5 0.967213
0.043 1.000000
0.5 0.000000
0.5 0.983607
0.5 1.000000
0.5 0.000000
0.5 1.000000
0.225 1.000000
0.5 0.983607
0.5 0.844828
0.5 0.000000
0.5 0.000000
0.5 0.982759
0.5 1.000000
0.5 0.983607
0.5 0.966667
0.5 0.983607
0.5 0.000000
0.19 1.000000
0.5 0.933333
0.408 1.000000
0.5 0.000000
0.5 1.000000
0.5 0.862069
0.5 1.000000
0.5 0.933333
0.415 0.966667
0.5 0.950820
0.5 0.000000
0.5 0.950820
0.292 1.000000
0.5 0.918033
0.5 1.000000
0.5 0.000000
0.224 0.983051
0.5 0.967213
0.5 1.000000
0.5 1.000000
0.5 0.983333
0.5 0.000000
0.5 0.000000
0.5 1.000000
0.5 0.000000
0.5 0.000000
0.5 0.000000
0.5 1.000000
0.5 0.982759
0.026 1.000000
0.5 0.885246
0.051 1.000000
0.5 0.929825
0.5 0.000000
0.5 0.000000
0.5 1.000000
0.5 0.000000
0.5 0.000000
0.5 1.000000
0.5 0.966102
0.5 0.983333
0.5 1.000000
0.5 1.000000
0.5 0.000000
0.5 0.983607
0.5 0.901639
0.5 1.000000
0.5 1.000000
0.5 1.000000
0.5 1.000000
0.025 1.000000
0.5 0.000000
0.5 0.000000
0.325 1.000000
0.5 1.000000
0.133 0.983607
0.492 1.000000
0.5 0.934426
0.5 0.950000
0.5 1.000000
0.5 1.000000
0.5 0.934426
0.5 0.000000
0.5 1.000000
0.5 0.000000
0.5 0.000000
0.5 0.068966
0.5 0.000000
0.5 0.000000
0.5 1.000000
0.5 0.000000
0.5 0.854545
0.5 0.918033
0.5 0.000000
0.5 1.000000
0.15 1.000000
0.5 0.949153
0.208 0.983607
0.5 0.000000
0.5 1.000000
0.5 1.000000
0.5 1.000000
0.5 0.950820
0.5 1.000000
0.5 0.000000
0.5 0.000000
0.5 0.918033
0.5 0.881356
0.5 0.000000
0.121 0.915254
0.5 1.000000
0.5 0.000000
0.5 1.000000
0.5 0.000000
0.5 0.983607
0.5 1.000000
0.075 1.000000
0.5 0.000000
0.325 0.983607
0.5 0.000000
0.5 0.000000
0.5 0.900000
0.5 1.000000
0.5 1.000000
0.5 0.032787
0.5 0.000000
0.5 1.000000
0.5 0.000000
0.5 0.932203
0.5 1.000000
0.5 0.000000
0.075 1.000000
0.367 0.983607
0.117 1.000000
0.5 1.000000
0.5 0.983607
0.5 1.000000
0.5 0.982759
0.5 0.000000
0.5 0.918033
0.15 1.000000
0.5 0.934426
0.5 0.983607
0.5 0.000000
0.5 0.918033
0.5 0.965517
0.5 0.982456
0.5 1.000000
0.464 0.964912
0.15 1.000000
0.5 0.000000
0.5 0.885246
0.5 0.000000
0.5 1.000000
0.5 1.000000
0.5 1.000000
0.5 1.000000
0.5 0.000000
0.5 1.000000
0.5 0.934426
0.175 0.950000
0.5 1.000000
0.5 0.000000
0.5 0.967213
0.5 0.000000
0.5 0.885246
0.367 0.966667
0.5 0.000000
0.0 0.000000
0.5 0.948276
0.5 1.000000
0.5 0.000000
0.5 1.000000
0.425 1.000000
0.5 1.000000
0.5 1.000000
0.208 1.000000
0.5 1.000000
0.5 0.000000
0.5 1.000000
0.5 1.000000
0.5 1.000000
0.085 1.000000
0.5 1.000000
0.272 0.847458
0.5 1.000000
0.5 1.000000
0.195 0.728814
0.5 1.000000
0.483 1.000000
0.5 0.915254
0.5 1.000000
0.298 0.960784
0.5 0.983051
0.5 0.945455
0.033 0.114754
0.45 0.950820
0.5 1.000000
0.5 1.000000
0.5 0.966667
0.333 0.918033
0.5 0.933333
0.5 1.000000
0.5 1.000000
0.5 0.000000
0.5 1.000000
0.5 0.967213
0.5 1.000000
0.117 1.000000
0.5 0.966667
0.5 0.000000
0.5 0.950820
0.5 0.967213
0.5 0.000000
0.0 0.000000
0.5 0.000000
0.5 1.000000
0.5 1.000000
0.5 0.983607
0.5 1.000000
0.5 1.000000
0.5 1.000000
0.492 1.000000
0.5 1.000000
0.5 0.000000
0.5 0.966102
0.125 0.983607
0.258 0.983333
0.5 1.000000
0.225 0.983607
0.5 0.000000
0.5 0.000000
0.5 1.000000
0.5 0.000000
0.5 1.000000
0.5 0.982759
0.5 1.000000
0.019 0.851852
0.283 1.000000
0.5 0.000000
0.5 0.725490
0.5 1.000000
0.114 0.933333
0.5 1.000000
0.5 1.000000
0.5 0.000000
0.5 0.000000
0.5 1.000000
0.421 0.965517
0.5 0.966667
0.5 1.000000
0.5 0.000000
0.5 0.947368
0.5 1.000000
0.5 0.983607
0.5 0.000000
0.5 0.918033
0.5 1.000000
0.5 1.000000
0.5 0.000000
0.319 0.929825
0.5 0.983333
0.5 0.983607
0.5 0.916667
0.217 1.000000
0.5 1.000000
0.5 1.000000
0.375 1.000000
0.5 0.983051
0.5 0.901961
0.317 1.000000
0.5 1.000000
0.5 1.000000
0.283 0.967213
0.5 0.000000
0.5 0.862745
0.092 0.983607
0.5 0.000000
0.5 0.000000
0.5 0.000000
0.5 0.983607
0.5 0.966667
0.017 1.000000
0.5 0.755102
0.5 0.000000
0.5 0.000000
0.5 0.983051
0.5 1.000000
0.5 0.983607
0.5 1.000000
0.5 1.000000
0.5 1.000000
0.202 0.982456
0.5 1.000000
0.442 1.000000
0.5 1.000000
0.5 0.000000
0.458 1.000000
0.5 0.000000
0.5 1.000000
0.275 1.000000
0.5 1.000000
0.458 1.000000
0.011 0.983607
0.075 1.000000
0.342 1.000000
0.5 0.000000
0.208 1.000000
0.192 1.000000
0.5 0.000000
0.5 0.859649
0.075 1.000000
0.5 0.830508
0.017 1.000000
0.5 1.000000
0.5 0.000000
0.5 1.000000
0.5 1.000000
0.5 0.983607
0.5 1.000000
0.5 0.000000
0.5 1.000000
0.5 1.000000
0.5 0.983607
0.5 1.000000
0.5 0.950000
0.5 0.983607
0.017 1.000000
0.5 0.000000
0.5 0.983607
0.15 0.983333
0.5 0.983333
0.5 1.000000
0.5 0.016393
0.25 0.918033
0.5 1.000000
0.5 0.983333
0.5 0.067797
0.441 0.983333
0.5 0.000000
0.5 1.000000
0.5 0.983607
0.5 1.000000
0.5 0.000000
0.5 0.983333
0.475 0.983607
0.5 1.000000
0.5 0.950000
0.5 1.000000
0.051 1.000000
0.5 1.000000
0.5 1.000000
0.5 1.000000
0.458 1.000000
0.5 0.724138
0.5 0.000000
0.5 1.000000
0.5 1.000000
0.5 1.000000
0.475 1.000000
0.075 0.983607
0.5 1.000000
0.5 0.000000
0.5 0.000000
0.5 1.000000
0.5 0.950000
0.5 1.000000
0.5 0.982143
0.017 0.967213
0.3 1.000000
0.5 0.000000
0.492 0.983607
0.3 0.983607
0.5 0.983051
0.5 1.000000
0.5 0.983607
0.375 0.967213
0.5 1.000000
0.5 0.000000
0.5 0.890909
0.5 0.966667
0.5 0.000000
0.5 1.000000
0.5 0.983333
0.5 0.016393
0.5 0.949153
0.5 0.000000
0.5 1.000000
0.5 0.836066
0.5 1.000000
0.283 1.000000
0.5 1.000000
0.5 0.000000
0.008 0.983051
0.5 1.000000
0.5 1.000000
0.377 0.927273
0.5 0.000000
0.075 0.901639
0.5 1.000000
0.5 0.966102
0.5 0.000000
0.5 0.967213
0.5 0.983607
0.5 1.000000
0.0 0.000000
0.5 0.000000
0.5 0.000000
0.5 1.000000
0.5 1.000000
0.5 0.000000
0.5 1.000000
0.3 0.983607
0.5 0.844828
0.5 0.000000
0.5 1.000000
0.5 1.000000
0.5 1.000000
0.5 0.000000
0.283 1.000000
0.5 0.000000
0.5 0.000000
0.5 0.983607
0.5 0.950820
0.5 1.000000
0.5 0.000000
0.465 0.948276
0.5 0.901639
0.5 1.000000
0.5 0.000000
0.5 1.000000
0.458 0.983333
0.5 0.000000
0.5 0.081967
0.5 1.000000
0.5 0.983607
0.5 1.000000
0.5 0.000000
0.15 0.967213
0.5 0.000000
0.5 0.967213
0.5 0.000000
0.5 0.000000
0.5 1.000000
0.5 0.065574
0.033 1.000000
0.0 0.000000
0.5 1.000000
0.2 1.000000
0.483 1.000000
0.5 0.934426
0.5 0.892857
0.5 1.000000
0.5 1.000000
0.35 1.000000
0.5 0.000000
0.5 0.000000
0.5 1.000000
0.5 1.000000
0.5 0.983607
0.5 0.966102
0.5 1.000000
0.5 1.000000
0.125 1.000000
0.189 0.741935
0.5 0.000000
0.5 0.000000
0.5 1.000000
0.5 1.000000
0.5 1.000000
0.4 0.966102
0.5 1.000000
0.5 0.983051
0.092 1.000000
0.5 0.966667
0.5 0.901639
0.5 0.000000
0.5 0.000000
0.5 1.000000
0.5 1.000000
0.5 1.000000
0.5 1.000000
0.5 0.983051
0.5 0.033333
0.5 0.000000
0.5 1.000000
0.5 1.000000
0.139 0.836364
0.5 1.000000
0.5 0.784314
0.5 1.000000
0.5 1.000000
0.5 0.000000
0.5 0.000000
0.5 0.000000
0.5 1.000000
0.5 1.000000
0.5 0.983607
0.5 0.983333
0.5 1.000000
0.5 1.000000
0.5 0.000000
0.5 0.967213
0.5 0.967213
0.5 0.000000
0.5 1.000000
0.5 1.000000
0.5 1.000000
0.192 0.967213
0.5 1.000000
0.0 0.000000
0.442 0.967213
0.5 0.000000
0.5 1.000000
0.125 0.983607
0.5 1.000000
0.5 1.000000
0.5 0.000000
0.5 0.000000
0.5 1.000000
0.5 0.983607
0.5 0.000000
0.5 0.000000
0.125 1.000000
0.5 0.983607
0.5 1.000000
0.5 0.983607
0.5 0.982456
0.5 1.000000
0.358 1.000000
0.5 1.000000
0.5 0.000000
0.442 1.000000
0.5 0.000000
0.225 0.967213
0.5 1.000000
0.5 1.000000
0.258 1.000000
0.5 1.000000
0.5 0.000000
0.5 0.000000
0.488 1.000000
0.192 0.950000
0.357 1.000000
0.5 1.000000
0.5 1.000000
0.125 1.000000
0.5 0.983333
0.432 0.983051
0.5 0.000000
0.5 0.000000
0.5 0.000000
0.5 0.934426
0.5 1.000000
0.203 0.950000
0.5 0.000000
0.5 1.000000
0.5 0.000000
0.5 1.000000
0.5 1.000000
0.5 0.983607
0.5 0.885246
0.5 0.000000
0.5 1.000000
0.5 1.000000
0.5 1.000000
0.033 1.000000
0.5 0.901639
0.125 1.000000
0.5 0.983607
0.5 1.000000
0.5 0.000000
0.5 0.000000
0.5 1.000000
0.5 0.967213
0.5 0.000000
0.5 0.983333
0.5 1.000000
0.5 0.000000
0.15 1.000000
0.5 1.000000
0.5 1.000000
0.5 1.000000
0.5 0.000000
0.254 0.932203
0.058 1.000000
0.5 0.983333
0.5 1.000000
0.167 0.966667
0.5 0.966667
0.5 1.000000
0.5 1.000000
0.5 0.000000
0.5 1.000000
0.5 1.000000
0.5 1.000000
0.5 0.901639
0.2 1.000000
0.5 0.000000
0.5 0.000000
0.083 1.000000
0.5 1.000000
0.5 0.000000
0.5 0.000000
0.5 1.000000
0.5 0.967213
0.5 1.000000
0.5 1.000000
0.5 1.000000
0.5 0.016393
0.11 0.932203
0.5 0.983607
0.05 1.000000
0.5 1.000000
0.008 1.000000
0.5 1.000000
0.5 1.000000
0.5 1.000000
0.5 1.000000
0.5 1.000000
0.5 1.000000
0.5 0.000000
0.5 1.000000
0.008 1.000000
0.5 1.000000
0.5 0.901639
0.5 0.000000
0.242 1.000000
0.5 0.000000
0.5 0.950000
0.5 1.000000
0.5 1.000000
0.5 1.000000
0.5 1.000000
0.5 1.000000
0.5 1.000000
0.5 1.000000
0.5 1.000000
0.5 1.000000
0.5 1.000000
0.5 1.000000
0.5 0.000000
0.5 1.000000
0.5 0.000000
0.042 0.966102
0.5 0.983607
0.5 0.000000
0.392 1.000000
0.5 1.000000
0.5 0.000000
0.5 0.932203
0.5 1.000000
0.5 1.000000
0.5 1.000000
0.5 0.000000
0.5 1.000000
0.5 1.000000
0.5 1.000000
0.5 1.000000
0.5 0.000000
0.5 0.983333
0.5 1.000000
0.5 0.000000
0.5 0.000000
0.5 1.000000
0.5 0.000000
0.5 1.000000
0.5 1.000000
0.5 1.000000
0.5 0.032787
0.5 1.000000
0.383 0.934426
0.085 0.966667
0.5 1.000000
0.5 1.000000
0.5 0.000000
0.5 0.000000
0.5 1.000000
0.5 1.000000
0.5 1.000000
0.5 1.000000
0.5 0.931034
0.5 0.000000
0.5 0.000000
0.5 1.000000
0.5 0.000000
0.5 0.000000
0.5 0.885246
0.5 0.000000
0.5 0.000000
0.5 1.000000
0.5 0.000000
0.5 1.000000
0.5 1.000000
0.5 1.000000
0.5 1.000000
0.5 0.000000
0.458 1.000000
0.5 0.000000
0.5 0.000000
0.5 0.963636
0.067 0.983607
0.5 1.000000
0.5 0.983607
0.5 1.000000
0.5 0.950000
0.5 0.967213
0.5 1.000000
0.5 0.000000
0.5 1.000000
0.017 0.983607
0.36 0.965517
0.075 0.967213
0.45 1.000000
0.492 1.000000
0.467 1.000000
0.5 1.000000
0.067 0.883333
0.5 0.983333
0.0 0.000000
0.45 1.000000
0.086 1.000000
0.5 0.000000
0.5 1.000000
0.5 0.000000
0.5 0.983333
0.5 0.950820
0.5 1.000000
0.5 0.947368
0.107 1.000000
0.5 1.000000
0.5 0.983607
0.5 0.983607
0.5 0.000000
0.5 0.983333
0.333 1.000000
0.5 0.000000
0.432 1.000000
0.5 0.000000
0.5 1.000000
0.067 0.934426
0.5 0.000000
0.308 1.000000
0.5 1.000000
0.233 0.983607
0.5 1.000000
0.5 0.000000
0.5 0.000000
0.5 0.868852
0.492 1.000000
0.5 0.000000
0.5 1.000000
0.5 1.000000
0.358 1.000000
0.5 1.000000
0.5 0.333333
0.5 0.983051
0.5 1.000000
0.15 0.983607
0.5 0.949153
0.5 0.983051
0.5 0.967213
0.5 0.000000
0.0 0.000000
0.5 0.983333
0.5 0.983607
0.5 1.000000
0.5 0.000000
0.5 0.000000
0.5 1.000000
0.5 0.000000
0.367 1.000000
0.5 1.000000
0.5 1.000000
0.5 1.000000
0.5 1.000000
0.5 0.000000
0.5 1.000000
0.5 0.000000
0.492 0.967213
0.5 0.983607
0.5 0.637931
0.5 1.000000
0.0 0.000000
0.11 0.949153
0.5 0.000000
0.5 1.000000
0.0 0.000000
0.5 1.000000
0.5 0.000000
0.342 1.000000
0.5 0.000000
0.5 0.000000
0.042 1.000000
0.5 1.000000
0.5 0.983607
0.117 0.933333
0.0 0.000000
0.142 0.916667
0.5 0.000000
0.5 0.000000
0.5 0.983607
0.133 0.885246
0.5 1.000000
0.5 0.983607
0.5 1.000000
0.5 1.000000
0.5 1.000000
0.5 0.983607
0.5 0.966102
0.5 1.000000
0.5 0.918033
0.5 1.000000
0.5 0.933333
0.5 0.909091
0.5 0.827586
0.5 0.000000
0.5 0.982759
0.5 1.000000
0.5 0.950000
0.5 0.983333
0.5 1.000000
0.5 0.983051
0.5 1.000000
0.5 0.983333
0.5 0.983607
0.5 0.000000
0.5 0.933333
0.5 1.000000
0.0 0.000000
0.5 1.000000
0.5 1.000000
0.5 0.967742
0.5 1.000000
0.209 0.909091
0.5 0.000000
0.5 0.932203
0.5 0.982456
0.5 1.000000
0.475 1.000000
0.5 1.000000
0.5 1.000000
0.5 0.000000
0.5 1.000000
0.5 1.000000
0.5 0.000000
0.5 0.934426
0.5 1.000000
0.5 1.000000
0.5 1.000000
0.5 0.932203
0.308 0.967213
0.453 1.000000
0.5 0.642857
0.5 1.000000
0.5 1.000000
0.5 1.000000
0.5 0.000000
0.5 0.983607
0.5 0.000000
0.5 1.000000
0.5 0.000000
0.5 1.000000
0.3 1.000000
0.5 0.000000
0.35 0.983607
0.5 0.000000
0.5 1.000000
0.186 1.000000
0.008 0.016393
0.5 0.000000
0.5 0.965517
0.5 0.950820
0.5 0.883333
0.5 1.000000
0.5 0.000000
0.5 1.000000
0.5 0.983607
0.5 0.983333
0.36 0.983051
0.5 1.000000
0.5 1.000000
0.5 1.000000
0.5 0.000000
0.5 0.000000
0.5 1.000000
0.5 0.000000
0.5 0.000000
0.5 0.983607
0.017 0.032787
0.5 0.983607
0.317 0.934426
0.028 0.963636
0.5 1.000000
0.5 1.000000
0.5 0.016393
0.5 1.000000
0.458 1.000000
0.5 1.000000
0.5 0.925926
0.5 0.000000
0.5 0.931034
0.5 0.000000
0.5 0.950820
0.5 1.000000
0.5 0.827586
0.5 0.000000
0.5 0.881356
0.325 0.885246
0.5 1.000000
0.5 0.932203
0.0 0.000000
0.5 1.000000
0.5 0.000000
0.5 0.000000
0.5 1.000000
0.492 0.830508
0.5 1.000000
0.5 1.000000
0.5 1.000000
0.5 0.000000
0.5 0.879310
0.5 0.000000
0.5 1.000000
0.5 1.000000
0.5 0.000000
0.5 0.950000
0.0 0.000000
0.5 1.000000
0.5 0.982759
0.325 0.967213
0.033 1.000000
0.173 0.928571
0.5 0.000000
0.5 1.000000
0.5 1.000000
0.275 0.983607
0.117 1.000000
0.5 0.000000
0.5 0.933333
0.5 0.913793
0.5 0.983607
0.4 0.983607
0.5 0.000000
0.5 0.000000
0.5 1.000000
0.5 0.862069
0.5 0.983607
0.5 0.000000
0.0 0.000000
0.058 1.000000
0.008 0.016393
0.5 0.966102
0.5 1.000000
0.5 1.000000
0.5 0.983051
0.5 0.983607
0.5 0.000000
0.5 0.000000
0.5 0.000000
0.267 1.000000
0.183 1.000000
0.5 1.000000
0.5 0.950820
0.5 0.607143
0.5 0.000000
0.5 0.000000
0.5 0.000000
0.5 1.000000
0.492 0.983607
0.483 1.000000
0.5 1.000000
0.5 0.000000
0.083 1.000000
0.102 1.000000
0.5 0.000000
0.5 1.000000
0.5 1.000000
0.5 1.000000
0.5 0.983607
0.5 1.000000
0.5 1.000000
0.0 0.000000
0.5 0.000000
0.5 0.770492
0.5 0.000000
0.317 1.000000
0.398 1.000000
0.5 0.000000
0.5 0.000000
0.5 0.983607
0.5 1.000000
0.383 1.000000
0.5 0.950820
0.5 0.000000
0.5 1.000000
0.5 1.000000
0.5 1.000000
0.5 0.934426
0.075 1.000000
0.5 1.000000
0.5 1.000000
0.5 0.881356
0.5 1.000000
0.025 1.000000
0.017 1.000000
0.5 0.000000
0.5 0.000000
0.05 1.000000
0.275 1.000000
0.5 1.000000
0.5 1.000000
0.421 0.982456
0.5 0.000000
0.5 0.000000
0.5 1.000000
0.5 1.000000
0.058 1.000000
0.5 0.933333
0.133 1.000000
0.5 0.868852
0.5 0.983051
0.5 1.000000
0.377 1.000000
0.5 0.000000
0.5 0.000000
0.5 0.789474
0.317 1.000000
0.5 0.000000
0.5 0.983607
0.5 1.000000
0.392 1.000000
0.0 0.000000
0.5 0.000000
0.5 0.000000
0.5 0.000000
0.5 0.000000
0.5 1.000000
0.5 0.000000
0.5 1.000000
0.5 0.000000
0.5 0.883333
0.425 1.000000
0.5 0.000000
0.483 1.000000
0.5 0.000000
0.5 1.000000
0.5 1.000000
0.5 0.701754
0.217 1.000000
0.5 0.000000
0.067 0.852459
0.5 0.983607
0.5 0.898305
0.2 0.983607
0.5 0.000000
0.5 0.000000
0.5 0.000000
0.325 1.000000
0.5 1.000000
0.121 1.000000
0.5 0.000000
0.0 0.000000
0.5 1.000000
0.5 0.000000
0.5 0.000000
0.0 0.000000
0.5 0.000000
0.5 0.000000
0.5 0.983333
0.5 0.918033
0.117 1.000000
0.5 0.000000
0.5 0.966102
0.5 0.933333
0.133 0.983607
0.228 1.000000
0.5 1.000000
0.5 1.000000
0.475 1.000000
0.5 0.950820
0.5 1.000000
0.5 0.000000
0.5 1.000000
0.5 1.000000
0.5 1.000000
0.5 0.983333
0.5 1.000000
0.5 1.000000
0.5 0.000000
0.5 1.000000
0.058 1.000000
0.302 0.966102
0.5 1.000000
0.5 0.000000
0.5 0.983607
0.5 0.000000
0.264 0.981818
0.25 1.000000
0.211 0.983607
0.5 0.981481
0.5 0.983333
0.292 1.000000
0.2 1.000000
0.5 1.000000
0.5 0.918033
0.5 0.982759
0.5 1.000000
0.5 0.982456
0.5 0.965517
0.5 0.949153
0.5 1.000000
0.5 0.750000
0.5 1.000000
0.0 0.000000
0.5 1.000000
0.5 0.909091
0.5 0.983051
0.5 1.000000
0.033 0.967213
0.417 1.000000
0.5 0.947368
0.325 1.000000
0.5 1.000000
0.5 0.894737
0.5 0.966102
0.5 0.724138
0.5 1.000000
0.5 0.000000
0.5 0.983607
0.5 0.000000
0.0 0.000000
0.5 1.000000
0.5 0.000000
0.5 0.000000
0.5 0.000000
0.5 0.983051
0.192 1.000000
0.5 0.983607
0.5 1.000000
0.5 1.000000
0.466 1.000000
0.5 0.928571
0.5 1.000000
0.2 0.983607
0.5 1.000000
0.5 0.000000
0.5 0.065574
0.5 1.000000
0.5 0.000000
0.5 0.000000
0.5 0.983607
0.5 1.000000
0.5 1.000000
0.367 1.000000
0.5 0.000000
0.5 0.000000
0.108 1.000000
0.5 1.000000
0.5 1.000000
0.5 1.000000
0.175 1.000000
0.5 0.962264
0.5 1.000000
0.5 1.000000
0.5 1.000000
0.0 0.000000
0.342 1.000000
0.5 0.983333
0.5 1.000000
0.5 1.000000
0.5 1.000000
0.5 1.000000
0.5 1.000000
0.379 1.000000
0.117 0.983607
0.5 1.000000
0.5 0.967213
0.051 1.000000
0.339 1.000000
0.5 0.000000
0.275 1.000000
0.5 1.000000
0.5 1.000000
0.5 1.000000
0.441 1.000000
0.5 0.000000
0.5 1.000000
0.442 0.983607
0.5 1.000000
0.5 0.000000
0.458 1.000000
0.5 0.983051
0.5 1.000000
0.5 0.692308
0.5 0.967213
0.5 0.982456
0.492 1.000000
0.5 0.982456
0.275 1.000000
0.5 0.949153
0.5 1.000000
0.5 0.000000
0.286 0.912281
0.5 1.000000
0.5 0.000000
0.5 1.000000
0.5 0.949153
0.5 0.000000
0.5 0.000000
0.5 0.967213
0.5 0.000000
0.5 0.950820
0.5 1.000000
0.347 1.000000
0.5 1.000000
0.364 0.833333
0.5 0.982759
0.5 1.000000
0.5 0.000000
0.05 0.967213
0.5 0.896552
0.5 0.000000
0.5 0.890909
0.5 1.000000
0.5 1.000000
0.5 0.000000
0.5 1.000000
0.5 1.000000
0.5 0.000000
0.5 1.000000
0.5 1.000000
0.5 1.000000
0.5 1.000000
0.192 1.000000
0.008 0.000000
0.011 0.966667
0.5 0.796610
0.5 0.000000
0.5 0.983333
0.5 0.918033
0.5 0.000000
0.5 1.000000
0.5 0.000000
0.5 0.983607
0.5 0.901639
0.5 0.000000
0.5 1.000000
0.5 1.000000
0.5 1.000000
0.5 0.000000
0.5 0.950000
0.2 1.000000
0.5 1.000000
0.375 0.983607
0.5 0.000000
0.5 0.983607
0.5 0.983607
0.5 1.000000
0.5 1.000000
0.5 1.000000
0.5 0.000000
0.5 0.000000
0.5 1.000000
0.5 0.000000
0.5 0.000000
0.5 0.905660
0.5 0.881356
0.0 0.000000
0.0 0.000000
0.5 0.000000
0.5 1.000000
0.5 0.912281
0.5 0.901639
0.5 1.000000
0.5 1.000000
0.5 1.000000
0.5 0.963636
0.5 1.000000
0.192 0.983607
0.142 1.000000
0.5 1.000000
0.142 1.000000
0.417 1.000000
0.5 0.000000
0.5 0.949153
0.5 0.000000
0.5 1.000000
0.144 0.933333
0.5 0.918033
0.025 1.000000
0.5 1.000000
0.5 0.000000
0.5 0.032787
0.5 0.000000
0.5 0.000000
0.5 0.967213
0.5 0.000000
0.5 0.000000
0.5 0.000000
0.5 0.000000
0.5 0.000000
0.5 1.000000
0.225 1.000000
0.5 0.000000
0.5 0.983607
0.5 1.000000
0.5 0.000000
0.5 1.000000
0.5 1.000000
0.5 1.000000
0.5 0.033333
0.5 1.000000
0.5 1.000000
0.5 0.918033
0.094 0.754717
0.5 1.000000
0.5 1.000000
0.5 0.000000
0.5 0.000000
0.5 1.000000
0.5 0.000000
0.5 1.000000
0.5 0.000000
0.5 0.000000
0.5 0.000000
0.5 0.000000
0.5 1.000000
0.5 1.000000
0.0 0.000000
0.5 0.983333
0.5 0.000000
0.5 0.916667
0.336 0.983051
0.5 1.000000
0.5 0.967213
0.5 0.000000
0.5 0.934426
0.5 0.982456
0.5 1.000000
0.5 0.966667
0.5 0.000000
0.417 1.000000
0.5 1.000000
0.5 0.000000
0.5 1.000000
0.5 1.000000
0.263 1.000000
0.5 0.983051
0.5 0.000000
0.5 0.017544
0.5 0.000000
0.5 1.000000
0.5 0.000000
0.455 0.966667
0.5 0.918033
0.5 1.000000
0.5 0.000000
0.5 1.000000
0.5 0.900000
0.0 0.000000
0.5 0.965517
0.466 1.000000
0.067 1.000000
0.5 0.967213
0.5 0.967213
0.35 0.983607
0.5 1.000000
0.5 0.983607
0.17 1.000000
0.5 1.000000
0.5 0.000000
0.033 1.000000
0.5 0.000000
0.5 0.950820
0.5 1.000000
0.5 1.000000
0.5 1.000000
0.475 1.000000
0.5 1.000000
0.5 0.000000
0.5 0.000000
0.5 0.000000
0.28 1.000000
0.5 0.000000
0.5 1.000000
0.5 0.000000
0.0 0.000000
0.5 1.000000
0.5 0.000000
0.5 0.000000
0.5 1.000000
0.217 1.000000
0.5 0.000000
0.5 1.000000
0.225 0.983607
0.342 1.000000
0.5 1.000000
0.5 0.983607
0.5 0.000000
0.5 0.000000
0.5 1.000000
0.3 1.000000
0.5 0.000000
0.5 0.000000
0.5 0.852459
0.5 0.000000
0.5 1.000000
0.325 0.983607
0.5 0.983607
0.017 1.000000
0.5 1.000000
0.5 1.000000
0.5 1.000000
0.5 1.000000
0.5 0.983607
0.5 1.000000
0.5 0.982456
0.5 0.918033
0.5 0.000000
0.5 0.000000
0.5 1.000000
0.5 0.000000
0.5 1.000000
0.35 1.000000
0.5 0.000000
0.5 1.000000
0.5 1.000000
0.5 0.859649
0.5 1.000000
0.5 0.000000
0.319 1.000000
0.5 1.000000
0.5 1.000000
0.5 0.983607
0.5 0.934426
0.5 0.816667
0.5 0.934426
0.5 1.000000
0.5 0.000000
0.5 0.000000
0.5 1.000000
0.391 0.964912
0.5 1.000000
0.5 1.000000
0.5 1.000000
0.28 0.966667
0.5 0.885246
0.5 1.000000
0.0 0.000000
0.5 0.967213
0.466 0.966102
0.5 1.000000
0.119 1.000000
0.5 1.000000
0.5 0.000000
0.5 1.000000
0.5 0.000000
0.5 0.000000
0.5 0.000000
0.5 0.949153
0.5 0.916667
0.5 0.967213
0.5 0.000000
0.5 1.000000
0.5 1.000000
0.5 0.983607
0.5 0.000000
0.5 0.000000
0.5 1.000000
0.108 0.983607
0.5 1.000000
0.5 1.000000
0.5 1.000000
0.5 1.000000
0.125 1.000000
0.208 0.967213
0.5 1.000000
0.5 0.000000
0.5 0.983333
0.5 0.087719
0.5 1.000000
0.5 0.967213
0.5 0.000000
0.5 0.903226
0.5 1.000000
0.5 1.000000
0.5 0.000000
0.5 1.000000
0.5 1.000000
0.5 0.000000
0.395 0.949153
0.242 1.000000
0.5 1.000000
0.267 1.000000
0.5 0.983607
0.5 1.000000
0.5 1.000000
0.5 0.000000
0.5 0.966667
0.5 0.000000
0.316 0.844828
0.392 1.000000
0.5 1.000000
0.5 0.983607
0.192 1.000000
0.5 0.983607
0.5 0.934426
0.5 0.719298
0.5 1.000000
0.5 1.000000
0.5 1.000000
0.5 1.000000
0.5 1.000000
0.5 0.000000
0.5 0.932203
0.5 1.000000
0.5 1.000000
0.5 0.000000
0.5 0.000000
0.5 1.000000
0.5 0.000000
0.371 0.966102
0.5 1.000000
0.5 1.000000
0.5 0.068966
0.5 0.980392
0.5 0.000000
0.5 0.000000
0.5 0.934426
0.5 0.000000
0.5 0.933333
0.5 0.894737
0.111 0.981132
0.5 0.983333
0.5 0.000000
0.5 1.000000
0.5 0.000000
0.5 0.000000
0.5 1.000000
0.5 0.000000
0.125 0.967213
0.5 0.946429
0.5 0.948276
0.5 1.000000
0.5 1.000000
0.5 0.983607
0.5 1.000000
0.217 1.000000
0.5 1.000000
0.5 1.000000
0.475 1.000000
0.433 0.983607
0.5 0.983333
0.0 0.000000
0.5 0.000000
0.5 0.000000
0.5 1.000000
0.5 0.949153
0.092 1.000000
0.5 0.983607
0.5 1.000000
0.15 1.000000
0.5 0.000000
0.5 0.018868
0.3 0.983333
0.042 0.983051
0.5 0.000000
0.5 0.000000
0.5 0.915254
0.5 0.966667
0.5 1.000000
0.5 1.000000
0.28 1.000000
0.5 0.000000
0.5 1.000000
0.5 0.854545
0.5 0.000000
0.5 0.918033
0.5 0.949153
0.5 0.915254
0.483 1.000000
0.5 1.000000
0.5 0.983051
0.05 0.983607
0.5 0.983607
0.5 1.000000
0.3 1.000000
0.5 1.000000
0.5 1.000000
0.475 1.000000
0.205 1.000000
0.5 0.000000
0.5 1.000000
0.0 0.000000
0.5 0.000000
0.5 1.000000
0.5 1.000000
0.5 0.000000
0.242 1.000000
0.5 1.000000
0.5 0.982759
0.5 1.000000
0.5 0.966102
0.4 1.000000
0.5 0.000000
0.5 1.000000
0.5 0.032787
0.158 1.000000
0.5 0.898305
0.5 1.000000
0.5 0.983051
0.288 1.000000
0.5 0.000000
0.5 0.983607
0.5 1.000000
0.5 0.982759
0.5 1.000000
0.5 1.000000
0.5 0.949153
0.5 0.000000
0.5 1.000000
0.0 0.000000
0.0 0.000000
0.5 1.000000
0.5 0.000000
0.5 1.000000
0.5 0.000000
0.5 1.000000
0.5 1.000000
0.5 1.000000
0.5 1.000000
0.5 0.819672
0.5 0.949153
0.008 0.000000
0.375 1.000000
0.5 1.000000
0.5 1.000000
0.392 1.000000
0.208 1.000000
0.5 0.000000
0.5 0.000000
0.5 0.000000
0.5 0.000000
0.364 0.913793
0.3 1.000000
0.5 1.000000
0.5 0.934426
0.5 1.000000
0.067 0.816667
0.0 0.000000
0.5 1.000000
0.5 1.000000
0.5 0.983333
0.5 1.000000
0.0 0.000000
0.5 1.000000
0.5 0.000000
0.5 0.000000
0.375 0.950000
0.5 1.000000
0.5 0.000000
0.5 0.950820
0.458 1.000000
0.5 0.898305
0.5 0.000000
0.5 0.982759
0.5 1.000000
0.482 0.894737
0.5 0.016393
0.125 1.000000
0.5 1.000000
0.5 1.000000
0.5 1.000000
0.067 1.000000
0.5 1.000000
0.033 1.000000
0.5 0.000000
0.5 1.000000
0.5 1.000000
0.5 0.983607
0.5 0.983333
0.5 0.000000
0.375 1.000000
0.5 1.000000
0.5 1.000000
0.051 0.859649
0.5 0.000000
0.5 0.901639
0.5 1.000000
0.5 0.965517
0.473 0.946429
0.5 1.000000
0.5 0.949153
0.5 1.000000
0.5 0.018519
0.5 1.000000
0.5 0.711864
0.5 1.000000
0.284 1.000000
0.5 0.000000
0.5 1.000000
0.5 0.983607
0.033 0.967213
0.5 1.000000
0.4 0.950820
0.5 0.000000
0.5 1.000000
0.008 1.000000
0.5 1.000000
0.5 1.000000
0.5 1.000000
0.467 1.000000
0.108 1.000000
0.017 0.000000
0.5 1.000000
0.5 0.932203
0.5 0.000000
0.5 1.000000
0.5 0.000000
0.5 0.983333
0.449 0.983051
0.5 1.000000
0.289 0.982759
0.5 1.000000
0.5 1.000000
0.5 0.000000
0.5 1.000000
0.5 1.000000
0.31 0.807018
0.5 1.000000
0.5 0.932203
0.5 0.000000
0.5 0.000000
0.5 0.967213
0.483 0.983607
0.5 0.967213
0.5 0.000000
0.425 0.925926
0.5 1.000000
0.5 1.000000
0.5 0.934426
0.357 0.929825
0.5 1.000000
0.5 1.000000
0.358 1.000000
0.5 1.000000
0.5 0.966667
0.5 1.000000
0.5 0.916667
0.042 1.000000
0.5 0.000000
0.5 1.000000
0.217 1.000000
0.167 0.949153
0.424 1.000000
0.5 0.000000
0.5 1.000000
0.042 1.000000
0.5 0.000000
0.5 1.000000
0.5 1.000000
0.5 1.000000
0.5 0.983333
0.5 0.034483
0.5 1.000000
0.5 0.982759
0.5 0.000000
0.5 1.000000
0.5 1.000000
0.133 1.000000
0.5 0.000000
0.5 0.000000
0.5 0.813559
0.425 1.000000
0.5 0.983607
0.5 0.000000
0.5 0.692308
0.117 1.000000
0.5 0.000000
0.5 1.000000
0.114 0.900000
0.5 0.000000
0.3 1.000000
0.5 1.000000
0.5 0.983607
0.333 1.000000
0.5 0.982456
0.5 1.000000
0.5 0.000000
0.439 0.983051
0.5 0.000000
0.5 0.016393
0.5 1.000000
0.5 0.000000
0.5 0.948276
0.5 0.983607
0.5 1.000000
0.5 0.036364
0.5 0.000000
0.5 1.000000
0.5 1.000000
0.0 0.000000
0.125 0.983333
0.5 1.000000
0.5 0.982456
0.192 0.967213
0.356 1.000000
0.5 1.000000
0.5 1.000000
0.5 1.000000
0.05 0.983607
0.5 1.000000
0.0 0.000000
0.5 0.000000
0.5 1.000000
0.5 1.000000
0.5 1.000000
0.333 1.000000
0.5 0.000000
0.5 0.912281
0.5 0.000000
0.0 0.000000
0.058 1.000000
0.5 0.000000
0.5 0.000000
0.325 1.000000
0.5 1.000000
0.5 0.983607
0.5 0.962264
0.5 0.931034
0.5 1.000000
0.0 0.000000
0.492 1.000000
0.409 1.000000
0.5 1.000000
0.237 0.900000
0.5 0.983607
0.5 1.000000
0.017 1.000000
0.272 0.964912
0.333 1.000000
0.5 0.983333
0.5 0.793103
0.5 1.000000
0.317 0.983607
0.5 0.966667
0.5 0.966102
0.5 0.864407
0.5 1.000000
0.0 0.000000
0.5 1.000000
0.5 0.966102
0.5 1.000000
0.5 0.000000
0.4 1.000000
0.5 1.000000
0.5 1.000000
0.183 1.000000
0.5 1.000000
0.5 0.000000
0.5 1.000000
0.5 1.000000
0.5 0.982456
0.125 1.000000
0.5 1.000000
0.125 1.000000
0.5 0.933333
0.407 1.000000
0.383 0.918033
0.5 0.966667
0.5 0.000000
0.5 0.032787
0.5 0.898305
0.5 1.000000
0.5 0.000000
0.5 1.000000
0.5 1.000000
0.492 1.000000
0.5 0.000000
0.5 1.000000
0.5 1.000000
0.5 1.000000
0.5 1.000000
0.367 1.000000
0.5 0.000000
0.5 0.967213
0.5 1.000000
0.408 1.000000
0.5 0.000000
0.5 1.000000
0.5 1.000000
0.5 0.932203
0.5 0.000000
0.5 0.949153
0.407 0.983333
0.033 1.000000
0.5 0.000000
0.5 0.983607
0.5 0.983051
0.5 0.933333
0.058 0.983607
0.5 0.983607
0.195 0.714286
0.5 1.000000
0.5 0.803571
0.333 0.967213
0.5 0.000000
0.192 1.000000
0.5 0.983051
0.5 1.000000
0.317 1.000000
0.5 0.000000
0.5 1.000000
0.5 1.000000
0.5 1.000000
0.5 1.000000
0.5 1.000000
0.5 1.000000
0.5 1.000000
0.5 0.912281
0.5 0.966667
0.008 1.000000
0.0 0.000000
0.233 0.966102
0.008 0.032787
0.5 1.000000
0.5 0.000000
0.5 1.000000
0.5 0.950820
0.5 0.000000
0.192 1.000000
0.273 0.929825
0.5 0.983607
0.5 0.983607
0.5 0.114754
0.5 0.983607
0.5 1.000000
0.5 1.000000
0.5 0.983051
0.314 0.916667
0.5 0.016393
0.5 1.000000
0.5 0.967213
0.4 1.000000
0.5 1.000000
0.5 0.000000
0.0 0.000000
0.033 1.000000
0.5 1.000000
0.5 0.032787
0.5 0.983607
0.5 1.000000
0.5 0.000000
0.5 0.967213
0.5 0.983607
0.5 1.000000
0.5 0.793103
0.5 0.000000
0.5 1.000000
0.5 1.000000
0.5 0.000000
0.5 0.872727
0.5 1.000000
0.5 0.000000
0.5 0.950000
0.5 1.000000
0.5 0.000000
0.5 1.000000
0.5 1.000000
0.5 0.000000
0.5 0.000000
0.5 1.000000
0.5 0.000000
0.4 1.000000
0.35 1.000000
0.5 1.000000
0.263 1.000000
0.5 0.000000
0.5 0.868852
0.042 0.983607
0.5 1.000000
0.008 0.033333
0.5 0.983607
0.5 0.890909
0.5 1.000000
0.5 1.000000
0.5 1.000000
0.5 0.967213
0.5 0.983051
0.5 1.000000
0.5 0.916667
0.5 1.000000
0.5 0.965517
0.217 0.966667
0.5 0.983051
0.5 1.000000
0.068 1.000000
0.5 1.000000
0.033 1.000000
0.5 0.983607
0.5 1.000000
0.5 1.000000
0.5 0.866667
0.5 1.000000
0.5 0.885246
0.5 0.983607
0.5 1.000000
0.5 1.000000
0.5 1.000000
0.008 0.000000
0.5 0.000000
0.5 0.000000
0.5 1.000000
0.5 0.983333
0.5 1.000000
0.5 0.983607
0.5 1.000000
0.5 0.967213
0.2 0.950820
0.083 1.000000
0.5 0.065574
0.5 1.000000
0.5 1.000000
0.5 1.000000
0.5 1.000000
0.5 1.000000
0.342 1.000000
0.5 1.000000
0.042 0.966667
0.5 1.000000
0.5 0.000000
0.012 0.896552
0.308 1.000000
0.483 0.983051
0.5 1.000000
0.5 1.000000
0.5 0.518519
0.5 1.000000
0.5 0.983607
0.0 0.000000
0.5 1.000000
0.5 0.000000
0.056 0.870370
0.133 1.000000
0.5 1.000000
0.5 1.000000
0.5 0.000000
0.267 0.885246
0.5 0.754098
0.367 1.000000
0.193 0.933333
0.034 1.000000
0.242 1.000000
0.5 0.000000
0.5 0.000000
0.5 1.000000
0.15 1.000000
0.5 1.000000
0.5 1.000000
0.5 0.000000
0.275 0.983607
0.5 0.966667
0.075 1.000000
0.5 0.000000
0.5 0.983607
0.15 1.000000
0.5 0.983607
0.5 1.000000
0.5 0.000000
0.5 1.000000
0.5 0.898305
0.5 1.000000
0.325 1.000000
0.5 1.000000
0.167 1.000000
0.447 1.000000
0.5 1.000000
0.5 1.000000
0.5 1.000000
0.071 1.000000
0.5 1.000000
0.5 0.000000
0.408 0.967213
0.275 0.983607
0.5 0.983607
0.5 0.000000
0.5 1.000000
0.5 0.966667
0.5 1.000000
0.5 1.000000
0.5 0.000000
0.5 0.000000
0.5 0.967213
0.5 0.000000
0.5 1.000000
0.5 0.950820
0.367 0.983607
0.5 1.000000
0.5 0.950820
0.5 0.983607
0.5 1.000000
0.5 1.000000
0.5 0.000000
0.5 0.983607
0.233 0.950000
0.042 0.983333
0.5 1.000000
0.5 0.000000
0.443 0.966667
0.5 0.852459
0.5 1.000000
0.5 0.065574
0.5 0.000000
0.5 1.000000
0.5 0.934426
0.475 1.000000
0.5 1.000000
0.042 1.000000
0.067 1.000000
0.5 1.000000
0.5 1.000000
0.5 0.967213
0.5 0.032787
0.5 0.033898
0.5 1.000000
0.0 0.000000
0.2 1.000000
0.5 0.983607
0.051 0.966102
0.5 0.000000
0.5 1.000000
0.5 1.000000
0.5 1.000000
0.5 0.000000
0.386 1.000000
0.133 1.000000
0.225 0.918033
0.5 0.000000
0.5 0.983607
0.5 0.950820
0.042 0.881356
0.5 0.000000
0.5 0.850000
0.375 1.000000
0.5 1.000000
0.5 0.950820
0.5 1.000000
0.5 0.000000
0.5 1.000000
0.5 0.000000
0.5 1.000000
0.256 0.967742
0.467 1.000000
0.5 1.000000
0.288 0.800000
0.117 1.000000
0.5 1.000000
0.5 0.868852
0.5 0.000000
0.392 0.868852
0.5 1.000000
0.233 0.983607
0.5 0.000000
0.5 1.000000
0.5 0.000000
0.5 0.000000
0.5 0.786885
0.5 0.034483
0.5 1.000000
0.0 0.000000
0.5 1.000000
0.5 0.000000
0.5 0.983607
0.5 1.000000
0.5 0.934426
0.5 0.016949
0.267 1.000000
0.5 0.000000
0.5 0.000000
0.5 0.000000
0.5 1.000000
0.5 1.000000
0.5 1.000000
0.5 1.000000
0.017 1.000000
0.237 0.769231
0.5 0.000000
0.381 0.966667
0.5 0.000000
0.5 0.967213
0.375 1.000000
0.5 0.967213
0.5 0.967213
0.5 0.934426
0.3 0.983607
0.5 1.000000
0.5 1.000000
0.5 1.000000
0.5 1.000000
0.5 0.016949
0.5 1.000000
0.5 0.000000
0.5 0.000000
0.5 0.967213
0.158 0.983607
0.5 0.983607
0.5 1.000000
0.5 0.000000
0.5 0.983607
0.5 0.032787
0.5 1.000000
0.5 1.000000
0.5 0.066667
0.5 1.000000
0.225 1.000000
0.5 0.000000
0.267 0.983607
0.5 1.000000
0.5 1.000000
0.5 0.918033
0.5 1.000000
0.5 0.000000
0.5 0.770492
0.5 1.000000
0.0 0.000000
0.5 0.000000
0.008 0.983333
0.175 1.000000
0.5 0.967213
0.5 0.000000
0.5 0.000000
0.5 1.000000
0.5 0.983607
0.5 0.916667
0.5 1.000000
0.5 0.983607
0.5 0.983607
0.5 0.000000
0.5 0.966102
0.5 0.000000
0.5 0.000000
0.5 1.000000
0.5 1.000000
0.5 0.016393
0.5 1.000000
0.5 1.000000
0.5 0.918033
0.042 0.983607
0.5 0.983051
0.5 1.000000
0.5 1.000000
0.0 0.000000
0.175 1.000000
0.5 1.000000
0.5 0.000000
0.392 0.967213
0.5 1.000000
0.5 0.983607
0.483 1.000000
0.283 1.000000
0.5 1.000000
0.5 1.000000
0.5 1.000000
0.5 0.967213
0.5 0.000000
0.5 0.000000
0.5 0.000000
0.5 0.983607
0.5 0.836364
0.5 1.000000
0.5 1.000000
0.375 0.921569
0.5 0.983607
0.358 1.000000
0.125 0.950820
0.056 0.935484
0.092 1.000000
0.5 0.017241
0.5 0.000000
0.5 0.918033
0.5 0.000000
0.242 1.000000
0.5 0.000000
0.5 1.000000
0.05 1.000000
0.5 1.000000
0.5 0.950000
0.5 0.901639
0.5 0.000000
0.5 1.000000
0.488 0.965517
0.161 1.000000
0.222 0.892857
0.5 0.050847
0.5 1.000000
0.0 0.000000
0.5 0.966102
0.5 0.000000
0.5 1.000000
0.059 0.915254
0.5 1.000000
0.5 0.916667
0.5 0.810345
0.367 1.000000
0.5 1.000000
0.5 0.966667
0.5 0.000000
0.5 0.000000
0.5 1.000000
0.5 0.983607
0.5 0.000000
0.5 0.803279
0.375 1.000000
0.5 0.931034
0.225 0.983333
0.5 0.000000
0.5 0.000000
0.22 0.932203
0.0 0.000000
0.5 1.000000
0.075 1.000000
0.5 0.983051
0.5 1.000000
0.5 0.034483
0.1 0.934426
0.058 1.000000
0.408 0.967213
0.092 0.868852
0.5 0.983607
0.5 1.000000
0.271 1.000000
0.5 1.000000
0.375 1.000000
0.242 0.934426
0.5 1.000000
0.5 0.740741
0.5 1.000000
0.5 1.000000
0.5 1.000000
0.5 0.966667
0.5 0.000000
0.25 0.967213
0.208 0.950820
0.464 0.982456
0.5 1.000000
0.075 1.000000
0.5 1.000000
0.408 1.000000
0.5 1.000000
0.5 0.016393
0.5 0.745763
0.5 0.000000
0.5 1.000000
0.5 0.934426
0.5 0.000000
0.5 0.983333
0.5 0.982456
0.018 0.929825
0.058 0.967213
0.483 1.000000
0.5 1.000000
0.5 0.000000
0.5 1.000000
0.5 0.000000
0.5 0.000000
0.208 0.967213
0.0 0.000000
0.5 1.000000
0.208 0.966667
0.008 0.032787
0.5 1.000000
0.5 1.000000
0.5 1.000000
0.5 1.000000
0.5 1.000000
0.5 0.000000
0.5 0.983607
0.0 0.000000
0.5 0.983607
0.1 0.655738
0.5 0.000000
0.5 0.000000
0.129 0.864407
0.5 0.018182
0.5 0.737705
0.034 0.983333
0.452 0.925926
0.5 0.983607
0.233 1.000000
0.5 1.000000
0.5 1.000000
0.5 1.000000
0.5 1.000000
0.5 0.000000
0.5 0.000000
0.5 1.000000
0.5 0.983607
0.5 0.000000
0.5 1.000000
0.5 1.000000
0.5 1.000000
0.5 1.000000
0.5 0.983333
0.5 0.950820
0.5 0.967213
0.5 1.000000
0.4 0.833333
0.5 1.000000
0.105 0.932203
0.5 0.983607
0.5 0.000000
0.5 1.000000
0.5 0.000000
0.5 1.000000
0.5 1.000000
0.417 1.000000
0.5 0.000000
0.0 0.000000
0.5 1.000000
0.5 0.983607
0.5 0.983333
0.492 1.000000
0.5 0.000000
0.5 1.000000
0.5 1.000000
0.5 1.000000
0.5 1.000000
0.5 1.000000
0.5 1.000000
0.5 0.967213
0.5 0.950820
0.5 0.000000
0.5 0.927273
0.15 1.000000
0.5 1.000000
0.5 0.896552
0.5 1.000000
0.5 0.000000
0.483 0.983607
0.5 1.000000
0.5 0.000000
0.5 0.964912
0.5 1.000000
0.5 1.000000
0.425 1.000000
0.5 0.949153
0.117 1.000000
0.5 1.000000
0.5 1.000000
0.5 1.000000
0.5 0.000000
0.5 0.983051
0.5 0.000000
0.5 1.000000
0.5 0.000000
0.333 0.983607
0.5 0.000000
0.5 0.901639
0.5 0.000000
0.3 1.000000
0.5 0.000000
0.5 0.000000
0.5 0.983051
0.481 0.882353
0.5 1.000000
0.5 1.000000
0.5 0.883333
0.5 1.000000
0.5 0.000000
0.5 0.916667
0.5 0.983607
0.5 1.000000
0.39 0.883333
0.108 0.983607
0.5 0.933333
0.161 0.966667
0.433 0.967213
0.5 0.965517
0.5 1.000000
0.5 1.000000
0.125 0.983607
0.033 1.000000
0.5 0.000000
0.5 0.950820
0.5 0.983607
0.5 0.932203
0.083 1.000000
0.5 0.983607
0.267 0.967213
0.5 0.000000
0.15 1.000000
0.3 0.950820
0.5 0.983607
0.5 1.000000
0.5 0.000000
0.5 0.963636
0.5 1.000000
0.5 0.896552
0.5 1.000000
0.5 0.000000
0.5 0.793103
0.5 1.000000
0.5 1.000000
0.3 1.000000
0.5 1.000000
0.5 0.000000
0.5 0.000000
0.5 0.966102
0.025 0.081967
0.5 1.000000
0.5 1.000000
0.366 1.000000
0.5 0.000000
0.5 0.983607
0.008 0.000000
0.5 0.966102
0.5 0.967213
0.492 1.000000
0.5 1.000000
0.5 0.909091
0.5 0.000000
0.5 0.000000
0.0 0.000000
0.292 1.000000
0.5 1.000000
0.0 0.000000
0.483 0.983333
0.5 0.983333
0.5 0.000000
0.5 0.967213
0.5 1.000000
0.5 1.000000
0.5 0.000000
0.5 1.000000
0.5 0.000000
0.5 1.000000
0.5 0.967213
0.5 0.983333
0.5 0.983333
0.5 0.000000
0.2 1.000000
0.067 0.868852
0.5 0.000000
0.5 0.000000
0.083 1.000000
0.5 1.000000
0.5 1.000000
0.466 1.000000
0.0 0.000000
0.5 1.000000
0.5 0.931034
0.158 1.000000
0.0 0.000000
0.117 1.000000
0.5 0.983607
0.5 0.965517
0.027 0.877193
0.5 1.000000
0.5 0.881356
0.5 0.866667
0.5 1.000000
0.35 1.000000
0.5 0.000000
0.5 0.000000
0.5 0.000000
0.5 1.000000
0.5 0.885246
0.267 1.000000
0.5 1.000000
0.5 0.934426
0.5 1.000000
0.5 0.967213
0.5 1.000000
0.5 1.000000
0.5 0.983333
0.5 0.000000
0.5 0.745098
0.5 0.000000
0.5 1.000000
0.5 1.000000
0.5 0.000000
0.059 0.900000
0.5 0.934426
0.5 0.000000
0.5 0.983607
0.5 0.000000
0.5 1.000000
0.5 0.000000
0.108 1.000000
0.5 0.000000
0.5 0.000000
0.208 1.000000
0.5 0.000000
0.5 0.983607
0.5 0.000000
0.5 0.000000
0.5 0.000000
0.5 1.000000
0.5 1.000000
0.5 0.967213
0.5 1.000000
0.0 0.000000
0.5 0.000000
0.0 0.000000
0.5 0.000000
0.5 0.983333
0.5 0.000000
0.025 1.000000
0.5 0.983607
0.5 0.000000
0.5 0.934426
0.5 1.000000
0.008 1.000000
0.5 0.000000
0.5 1.000000
0.5 1.000000
0.5 1.000000
0.5 0.983051
0.5 0.983051
0.5 0.000000
0.5 0.000000
0.5 1.000000
0.5 0.065574
0.114 0.983051
0.175 1.000000
0.5 1.000000
0.5 0.912281
0.0 0.000000
0.492 1.000000
0.317 1.000000
0.15 1.000000
0.5 1.000000
0.5 0.033333
0.133 1.000000
0.0 0.000000
0.5 1.000000
0.417 1.000000
0.5 1.000000
0.3 1.000000
0.5 1.000000
0.212 0.983333
0.5 1.000000
0.5 0.916667
0.5 0.983607
0.5 1.000000
0.5 0.950000
0.0 0.000000
0.5 0.000000
0.5 1.000000
0.5 0.000000
0.5 1.000000
0.5 0.983333
0.5 1.000000
0.5 0.966667
0.5 0.017241
0.5 1.000000
0.5 0.000000
0.5 0.000000
0.5 0.983607
0.263 0.983051
0.242 1.000000
0.5 0.000000
0.5 0.918033
0.5 0.000000
0.5 0.964912
0.5 0.980392
0.5 0.950000
0.5 0.934426
0.5 1.000000
0.267 1.000000
0.5 1.000000
0.5 1.000000
0.5 1.000000
0.5 0.000000
0.5 0.983333
0.5 1.000000
0.5 0.934426
0.492 1.000000
0.5 0.065574
0.158 0.967213
0.5 1.000000
0.5 0.000000
0.083 1.000000
0.5 1.000000
0.033 0.000000
0.4 1.000000
0.5 0.892857
0.5 0.983607
0.5 0.000000
0.339 0.983333
0.5 1.000000
0.5 0.000000
0.5 0.983607
0.5 0.967213
0.5 1.000000
0.5 0.983607
0.5 0.000000
0.318 0.982456
0.5 0.000000
0.5 0.983607
0.5 1.000000
0.5 1.000000
0.283 1.000000
0.5 0.000000
0.5 1.000000
0.5 0.000000
0.5 0.983607
0.267 1.000000
0.5 0.000000
0.033 0.016393
0.5 0.864407
0.5 1.000000
0.0 0.000000
0.5 1.000000
0.5 0.000000
0.5 0.950000
0.5 1.000000
0.353 0.948276
0.339 1.000000
0.5 1.000000
0.5 0.983051
0.5 1.000000
0.5 1.000000
0.178 0.966667
0.5 1.000000
0.5 1.000000
0.5 0.000000
0.5 0.016667
0.5 0.000000
0.5 0.785714
0.358 1.000000
0.458 0.983333
0.242 1.000000
0.5 0.704918
0.117 1.000000
0.142 1.000000
0.5 1.000000
0.083 0.965517
0.5 0.983607
0.5 0.000000
0.25 1.000000
0.5 1.000000
0.5 0.916667
0.5 1.000000
0.5 0.033898
0.5 1.000000
0.467 1.000000
0.5 0.000000
0.5 0.000000
0.395 0.946429
0.5 0.000000
0.5 1.000000
0.5 0.770492
0.5 0.983607
0.5 0.983607
0.267 0.950820
0.5 0.000000
0.5 1.000000
0.5 0.000000
0.5 0.000000
0.308 1.000000
0.5 1.000000
0.383 1.000000
0.5 1.000000
0.5 0.000000
0.5 0.000000
0.075 1.000000
0.5 0.966102
0.5 1.000000
0.5 0.950820
0.5 0.912281
0.5 0.983607
0.5 1.000000
0.033 1.000000
0.138 1.000000
0.425 0.983607
0.5 0.000000
0.5 0.983607
0.5 0.983333
0.5 0.000000
0.5 0.932203
0.167 1.000000
0.5 1.000000
0.0 0.000000
0.5 0.000000
0.5 1.000000
0.5 0.983607
0.5 1.000000
0.15 0.967213
0.442 1.000000
0.5 1.000000
0.175 0.950820
0.5 0.000000
0.5 0.946429
0.5 0.000000
0.5 1.000000
0.5 0.000000
0.5 0.370370
0.5 1.000000
0.5 0.933333
0.275 1.000000
0.5 0.000000
0.272 1.000000
0.5 0.983607
0.408 1.000000
0.5 0.967213
0.5 0.983607
0.5 1.000000
0.5 1.000000
0.008 1.000000
0.167 0.983607
0.5 1.000000
0.5 0.000000
0.5 0.983607
0.5 1.000000
0.0 0.000000
0.5 0.950000
0.5 1.000000
0.5 0.966667
0.5 0.983607
0.5 1.000000
0.308 1.000000
0.358 1.000000
0.5 1.000000
0.5 0.000000
0.5 1.000000
0.5 1.000000
0.225 1.000000
0.5 0.983333
0.5 0.000000
0.125 0.859649
0.108 1.000000
0.5 1.000000
0.5 0.950820
0.375 0.983607
0.5 1.000000
0.0 0.000000
0.5 1.000000
0.5 0.896552
0.5 0.000000
0.5 1.000000
0.5 0.966102
0.5 0.000000
0.5 1.000000
0.358 1.000000
0.5 0.000000
0.5 0.950000
0.5 1.000000
0.3 1.000000
0.5 0.983607
0.275 0.885246
0.5 0.983333
0.103 0.898305
0.45 1.000000
0.5 1.000000
0.5 0.000000
0.092 1.000000
0.0 0.000000
0.5 1.000000
0.5 1.000000
0.5 0.000000
0.5 1.000000
0.5 0.916667
0.5 1.000000
0.5 1.000000
0.5 0.983607
0.5 0.983333
0.5 0.000000
0.5 0.000000
0.5 0.932203
0.5 0.000000
0.5 0.913793
0.5 0.000000
0.258 1.000000
0.175 1.000000
0.5 1.000000
0.108 1.000000
0.5 1.000000
0.5 1.000000
0.367 1.000000
0.0 0.000000
0.0 0.000000
0.5 0.885246
0.5 1.000000
0.5 0.918033
0.5 0.966102
0.5 0.983607
0.35 1.000000
0.5 0.000000
0.5 1.000000
0.5 0.983607
0.0 0.000000
0.5 0.830508
0.5 1.000000
0.175 1.000000
0.5 0.789474
0.117 1.000000
0.5 0.934426
0.5 0.000000
0.5 1.000000
0.5 1.000000
0.5 0.983333
0.458 1.000000
0.5 1.000000
0.5 0.000000
0.5 1.000000
0.0 0.000000
0.5 0.983607
0.5 0.034483
0.5 1.000000
0.5 0.866667
0.5 0.000000
0.051 0.966667
0.5 0.950820
0.188 0.824561
0.5 0.983607
0.333 0.964912
0.5 0.000000
0.5 0.983333
0.5 1.000000
0.5 0.950820
0.5 0.000000
0.5 0.000000
0.5 0.000000
0.5 0.901639
0.349 0.931034
0.5 1.000000
0.5 0.983333
0.5 0.983607
0.085 0.966102
0.5 0.000000
0.458 0.983607
0.5 0.950820
0.5 1.000000
0.5 1.000000
0.5 1.000000
0.305 0.966667
0.298 0.824561
0.5 0.000000
0.5 0.966667
0.5 0.000000
0.5 1.000000
0.5 0.000000
0.5 0.983333
0.5 1.000000
0.483 1.000000
0.5 1.000000
0.5 1.000000
0.127 0.983333
0.0 0.000000
0.5 0.000000
0.5 0.000000
0.5 0.000000
0.458 0.983051
0.5 0.000000
0.367 0.868852
0.5 0.000000
0.5 1.000000
0.5 0.000000
0.5 0.000000
0.5 0.950000
0.5 0.983607
0.5 1.000000
0.5 1.000000
0.5 0.000000
0.5 0.983607
0.458 1.000000
0.5 0.983051
0.5 0.000000
0.5 0.915254
0.5 1.000000
0.5 0.982759
0.5 0.016393
0.133 1.000000
0.133 1.000000
0.446 0.760000
0.5 0.868852
0.5 0.000000
0.22 0.928571
0.5 0.000000
0.5 0.114754
0.5 1.000000
0.5 0.983607
0.5 1.000000
0.5 1.000000
0.477 1.000000
0.305 1.000000
0.5 1.000000
0.19 0.796610
0.5 1.000000
0.5 1.000000
0.5 0.000000
0.5 1.000000
0.5 0.032787
0.5 1.000000
0.058 1.000000
0.5 0.032787
0.5 1.000000
0.5 0.982759
0.5 0.000000
0.5 1.000000
0.5 0.000000
0.5 0.949153
0.25 0.950000
0.5 0.000000
0.5 0.967213
0.5 0.000000
0.5 1.000000
0.5 1.000000
0.5 0.967213
0.153 1.000000
0.5 0.000000
0.5 1.000000
0.5 0.967213
0.5 1.000000
0.5 0.000000
0.5 0.967213
0.058 1.000000
0.225 1.000000
0.5 0.950820
0.5 0.983607
0.5 0.000000
0.5 1.000000
0.5 1.000000
0.5 0.983607
0.5 0.000000
0.5 0.859649
0.158 1.000000
0.125 1.000000
0.13 0.884615
0.5 1.000000
0.458 1.000000
0.5 1.000000
0.483 1.000000
0.5 0.000000
0.5 1.000000
0.5 0.932203
0.5 0.692308
0.4 1.000000
0.5 0.000000
0.5 0.950820
0.5 0.000000
0.36 0.965517
0.5 0.000000
0.408 0.983333
0.5 1.000000
0.5 0.000000
0.017 1.000000
0.5 0.950820
0.25 1.000000
0.5 0.000000
0.5 0.950000
0.5 1.000000
0.342 0.901639
0.0 0.000000
0.158 1.000000
0.5 1.000000
0.458 0.983607
0.0 0.000000
0.314 1.000000
0.5 0.950000
0.184 0.966102
0.5 0.966667
0.5 0.000000
0.5 0.983607
0.5 0.934426
0.5 1.000000
0.5 1.000000
0.342 1.000000
0.5 1.000000
0.5 1.000000
0.5 0.000000
0.5 0.000000
0.5 0.000000
0.383 1.000000
0.5 0.966102
0.5 1.000000
0.5 1.000000
0.342 0.983607
0.033 1.000000
0.492 1.000000
0.5 0.983607
0.375 0.983607
0.5 1.000000
0.5 1.000000
0.5 0.066667
0.5 0.983607
0.5 1.000000
0.5 0.983333
0.5 0.966102
0.5 0.000000
0.5 1.000000
0.5 0.000000
0.5 0.982759
0.5 1.000000
0.5 0.766667
0.5 0.983607
0.5 0.836066
0.5 0.816327
0.5 1.000000
0.5 0.000000
0.5 0.934426
0.5 0.915254
0.067 1.000000
0.5 0.934426
0.0 0.000000
0.5 0.966667
0.5 0.000000
0.5 1.000000
0.034 1.000000
0.5 0.000000
0.5 1.000000
0.5 0.000000
0.0 0.000000
0.492 1.000000
0.467 0.934426
0.5 0.966667
0.367 1.000000
0.5 1.000000
0.5 1.000000
0.208 0.962264
0.5 1.000000
0.5 0.000000
0.142 1.000000
0.5 1.000000
0.208 1.000000
0.5 1.000000
0.5 0.967213
0.5 0.982759
0.5 1.000000
0.5 0.000000
0.25 1.000000
0.5 1.000000
0.5 1.000000
0.5 0.000000
0.167 1.000000
0.5 0.016393
0.5 0.966667
0.5 0.982456
0.5 0.000000
0.5 0.000000
0.5 0.964286
0.5 0.966667
0.067 0.967213
0.375 1.000000
0.5 1.000000
0.5 0.000000
0.096 1.000000
0.161 0.983051
0.5 1.000000
0.5 1.000000
0.409 1.000000
0.5 1.000000
0.5 1.000000
0.5 1.000000
0.5 0.000000
0.5 0.000000
0.15 1.000000
0.5 0.000000
0.5 0.033333
0.342 1.000000
0.5 1.000000
0.5 0.000000
0.5 0.950820
0.5 1.000000
0.5 0.000000
0.5 1.000000
0.5 0.983607
0.5 0.967213
0.5 0.000000
0.5 0.967742
0.5 1.000000
0.5 0.983051
0.5 0.000000
0.0 0.000000
0.5 1.000000
0.5 1.000000
0.45 0.983607
0.5 1.000000
0.058 0.983333
0.5 0.807018
0.058 1.000000
0.105 0.929825
0.067 1.000000
0.5 1.000000
0.5 1.000000
0.5 0.983607
0.5 0.000000
0.5 0.885246
0.5 1.000000
0.5 0.983607
0.5 0.983051
0.5 0.000000
0.5 0.949153
0.5 1.000000
0.217 0.967213
0.5 0.758621
0.5 1.000000
0.5 1.000000
0.5 0.000000
0.5 0.000000
0.5 0.758621
0.1 1.000000
0.5 1.000000
0.5 0.983607
0.5 1.000000
0.5 0.983607
0.5 0.000000
0.5 0.803279
0.042 0.934426
0.275 1.000000
0.375 1.000000
0.208 1.000000
0.5 0.967213
0.5 0.000000
0.5 0.000000
0.5 0.983607
0.5 0.000000
0.283 0.918033
0.314 0.883333
0.1 0.901639
0.5 1.000000
0.5 1.000000
0.5 0.068966
0.5 0.000000
0.5 1.000000
0.415 0.916667
0.5 0.948276
0.5 0.000000
0.5 1.000000
0.5 0.000000
0.012 0.000000
0.5 0.965517
0.5 0.000000
0.5 1.000000
0.5 1.000000
0.275 1.000000
0.5 1.000000
0.5 1.000000
0.5 0.000000
0.5 1.000000
0.5 0.983333
0.5 1.000000
0.275 0.983333
0.5 1.000000
0.5 1.000000
0.5 1.000000
0.208 0.967213
0.5 0.000000
0.5 1.000000
0.5 0.000000
0.5 0.000000
0.5 0.967213
0.5 1.000000
0.5 1.000000
0.5 1.000000
0.5 0.000000
0.5 1.000000
0.5 0.000000
0.5 1.000000
0.5 1.000000
0.5 1.000000
0.5 1.000000
0.033 1.000000
0.358 0.983607
0.442 1.000000
0.183 1.000000
0.5 1.000000
0.192 1.000000
0.5 0.049180
0.5 0.000000
0.5 1.000000
0.5 1.000000
0.5 0.000000
0.5 0.983607
0.0 0.000000
0.5 1.000000
0.5 1.000000
0.5 0.875000
0.5 0.866667
0.5 1.000000
0.5 1.000000
0.5 1.000000
0.5 0.983607
0.5 1.000000
0.5 0.000000
0.5 0.000000
0.5 0.000000
0.5 0.885246
0.5 1.000000
0.5 0.000000
0.5 0.000000
0.5 0.983333
0.5 0.000000
0.5 1.000000
0.375 1.000000
0.5 0.000000
0.5 0.983607
0.5 0.966667
0.5 0.000000
0.008 0.032787
0.5 1.000000
0.5 1.000000
0.5 0.000000
0.5 1.000000
0.008 1.000000
0.5 1.000000
0.5 1.000000
0.5 1.000000
0.5 1.000000
0.5 1.000000
0.5 0.000000
0.5 0.000000
0.5 1.000000
0.3 1.000000
0.342 0.918033
0.5 0.879310
0.35 0.967213
0.336 0.983051
0.292 1.000000
0.5 1.000000
0.371 1.000000
0.5 1.000000
0.5 0.000000
0.5 1.000000
0.092 1.000000
0.119 1.000000
0.5 1.000000
0.5 0.000000
0.5 1.000000
0.5 0.983051
0.5 1.000000
0.5 0.929825
0.241 0.915254
0.5 1.000000
0.5 0.900000
0.5 0.983607
0.5 1.000000
0.5 1.000000
0.5 1.000000
0.5 0.000000
0.283 1.000000
0.5 0.983051
0.5 0.900000
0.5 1.000000
0.35 1.000000
0.5 0.000000
0.5 0.000000
0.5 0.966667
0.5 0.000000
0.5 1.000000
0.5 0.000000
0.05 1.000000
0.5 0.862069
0.5 0.983051
0.5 0.983607
0.35 0.967213
0.5 1.000000
0.5 1.000000
0.058 1.000000
0.181 1.000000
0.5 0.000000
0.5 0.000000
0.5 0.852459
0.093 0.900000
0.5 0.983607
0.233 1.000000
0.233 1.000000
0.5 0.000000
0.5 0.000000
0.5 1.000000
0.5 1.000000
0.5 1.000000
0.283 0.950000
0.5 0.000000
0.5 0.983607
0.5 0.983607
0.5 0.000000
0.092 1.000000
0.417 1.000000
0.102 1.000000
0.5 0.000000
0.342 1.000000
0.5 1.000000
0.5 0.000000
0.5 1.000000
0.5 0.983607
0.5 0.966667
0.5 1.000000
0.5 1.000000
0.5 1.000000
0.5 1.000000
0.023 0.000000
0.5 0.900000
0.458 0.967213
0.017 0.049180
0.5 1.000000
0.5 1.000000
0.457 0.982759
0.5 0.983607
0.5 0.967213
0.5 1.000000
0.058 0.983607
0.1 1.000000
0.483 1.000000
0.5 0.000000
0.047 1.000000
0.5 1.000000
0.5 0.000000
0.083 0.967213
0.5 1.000000
0.233 0.583333
0.233 1.000000
0.5 1.000000
0.5 1.000000
0.5 1.000000
0.5 0.000000
0.5 0.563636
0.0 0.000000
0.0 0.000000
0.5 0.945455
0.5 1.000000
0.5 0.000000
0.5 1.000000
0.133 0.983607
0.392 1.000000
0.5 0.000000
0.5 0.000000
0.0 0.000000
0.5 1.000000
0.5 0.049180
0.5 0.000000
0.5 0.932203
0.5 1.000000
0.5 1.000000
0.5 1.000000
0.5 0.000000
0.5 1.000000
0.5 0.000000
0.059 1.000000
0.5 0.000000
0.5 0.932203
0.5 1.000000
0.5 0.000000
0.5 0.000000
0.5 0.966102
0.5 0.947368
0.5 1.000000
0.5 1.000000
0.5 0.000000
0.491 0.867925
0.092 1.000000
0.5 0.983051
0.5 1.000000
0.5 0.934426
0.5 1.000000
0.5 0.000000
0.5 0.934426
0.275 1.000000
0.317 1.000000
0.283 1.000000
0.5 0.966102
0.0 0.000000
0.5 1.000000
0.5 0.000000
0.5 0.000000
0.292 0.983607
0.5 0.000000
0.5 1.000000
0.5 0.000000
0.5 0.965517
0.325 0.898305
0.5 0.000000
0.5 1.000000
0.5 1.000000
0.5 1.000000
0.5 1.000000
0.5 1.000000
0.5 1.000000
0.5 1.000000
0.239 0.966667
0.0 0.000000
0.5 1.000000
0.068 1.000000
0.25 1.000000
0.5 0.842105
0.5 1.000000
0.275 1.000000
0.425 0.966667
0.342 1.000000
0.042 1.000000
0.5 0.032787
0.5 0.000000
0.5 0.983051
0.39 0.950000
0.267 0.901639
0.5 0.000000
0.5 1.000000
0.5 1.000000
0.5 1.000000
0.5 1.000000
0.5 0.736842
0.5 0.967213
0.5 1.000000
0.042 0.983607
0.5 0.966667
0.5 1.000000
0.0 0.000000
0.5 0.000000
0.093 1.000000
0.283 0.967213
0.5 0.000000
0.5 1.000000
0.242 0.967213
0.5 1.000000
0.5 1.000000
0.5 1.000000
0.5 0.967213
0.5 0.948276
0.5 0.000000
0.5 0.967213
0.153 0.883333
0.5 1.000000
0.5 0.000000
0.367 0.949153
0.5 0.983607
0.5 0.983333
0.5 1.000000
0.5 1.000000
0.5 1.000000
0.5 0.000000
0.271 1.000000
0.241 0.966102
0.5 1.000000
0.5 0.868852
0.0 0.000000
0.5 0.966667
0.075 1.000000
0.5 0.918033
0.5 1.000000
0.5 1.000000
0.5 1.000000
0.5 0.950820
0.5 1.000000
0.5 1.000000
0.5 0.983607
0.483 1.000000
0.5 1.000000
0.5 1.000000
0.5 1.000000
0.5 0.000000
0.5 0.934426
0.5 0.000000
0.5 0.034483
0.5 1.000000
0.5 0.983607
0.5 0.000000
0.102 0.766667
0.5 0.830189
0.5 1.000000
0.5 0.000000
0.5 0.000000
0.367 1.000000
0.5 1.000000
0.5 0.965517
0.5 0.966667
0.5 0.000000
0.5 0.982456
0.5 1.000000
0.5 1.000000
0.5 0.000000
0.108 0.983607
0.5 1.000000
0.5 0.000000
0.5 0.967213
0.083 0.967213
0.5 1.000000
0.037 0.907407
0.208 1.000000
0.5 0.898305
0.5 0.950000
0.5 0.967213
0.183 1.000000
0.158 0.983607
0.5 1.000000
0.5 1.000000
0.375 1.000000
0.5 1.000000
0.5 0.967213
0.5 1.000000
0.5 1.000000
0.5 0.983607
0.408 1.000000
0.5 1.000000
0.5 0.000000
0.5 0.935484
0.158 0.950820
0.5 1.000000
0.5 1.000000
0.5 1.000000
0.5 0.000000
0.5 0.000000
0.5 0.983607
0.5 1.000000
0.5 0.000000
0.5 1.000000
0.5 1.000000
0.308 1.000000
0.5 0.983333
0.169 1.000000
0.5 0.000000
0.5 1.000000
0.5 0.000000
0.5 0.950820
0.5 1.000000
0.5 0.000000
0.5 0.000000
0.352 1.000000
0.5 0.000000
0.5 0.816667
0.5 1.000000
0.5 1.000000
0.425 1.000000
0.025 0.033333
0.5 0.949153
0.5 0.000000
0.5 0.000000
0.5 0.000000
0.5 0.000000
0.5 1.000000
0.5 1.000000
0.5 1.000000
0.0 0.000000
0.5 0.950820
0.118 0.927273
0.033 0.918033
0.5 0.000000
0.5 0.982759
0.5 0.000000
0.5 0.916667
0.5 0.000000
0.5 0.016393
0.5 0.983607
0.05 1.000000
0.5 1.000000
0.5 1.000000
0.275 1.000000
0.5 0.000000
0.5 0.901639
0.5 1.000000
0.5 0.000000
0.417 0.950820
0.433 1.000000
0.5 0.931034
0.5 1.000000
0.5 1.000000
0.5 0.000000
0.5 1.000000
0.5 0.000000
0.5 0.945455
0.5 1.000000
0.5 0.934426
0.5 0.000000
0.5 0.950820
0.5 0.000000
0.5 1.000000
0.05 1.000000
0.5 0.065574
0.225 1.000000
0.5 1.000000
0.5 1.000000
0.45 1.000000
0.5 0.933333
0.095 0.948276
0.0 0.000000
0.5 0.000000
0.5 1.000000
0.5 0.000000
0.5 1.000000
0.5 0.967213
0.5 0.000000
0.5 0.000000
0.5 0.934426
0.275 1.000000
0.5 0.000000
0.5 0.000000
0.5 0.844828
0.0 0.000000
0.5 0.000000
0.5 0.983607
0.5 0.000000
0.5 1.000000
0.5 1.000000
0.5 1.000000
0.45 1.000000
0.5 0.000000
0.5 0.000000
0.05 0.918033
0.276 0.932203
0.5 0.000000
0.5 0.000000
0.5 1.000000
0.5 0.983607
0.5 0.147541
0.5 1.000000
0.5 0.983607
0.5 1.000000
0.5 1.000000
0.5 1.000000
0.458 1.000000
0.5 1.000000
0.225 1.000000
0.167 1.000000
0.5 1.000000
0.5 0.000000
0.208 1.000000
0.426 0.625000
0.5 0.983607
0.5 0.983607
0.408 1.000000
0.5 0.000000
0.5 1.000000
0.5 0.788462
0.5 0.000000
0.5 0.983607
0.117 1.000000
0.5 0.000000
0.5 1.000000
0.5 0.983607
0.5 1.000000
0.0 0.000000
0.5 0.000000
0.275 1.000000
0.5 0.983051
0.5 0.833333
0.5 1.000000
0.5 0.983607
0.5 0.000000
0.5 0.967213
0.5 0.000000
0.5 1.000000
0.5 0.901639
0.5 1.000000
0.5 1.000000
0.5 1.000000
0.5 1.000000
0.5 1.000000
0.5 0.830508
0.5 0.000000
0.317 1.000000
0.5 0.982143
0.5 1.000000
0.5 0.016393
0.5 1.000000
0.083 1.000000
0.425 1.000000
0.2 0.967213
0.5 0.000000
0.5 0.881356
0.5 0.000000
0.5 1.000000
0.5 0.967213
0.5 0.000000
0.5 1.000000
0.492 0.983607
0.483 1.000000
0.5 1.000000
0.108 0.950820
0.5 1.000000
0.5 0.000000
0.5 1.000000
0.5 0.000000
0.267 0.983607
0.5 0.000000
0.5 0.983607
0.5 0.983333
0.5 1.000000
0.5 0.983607
0.445 1.000000
0.475 1.000000
0.5 0.000000
0.5 0.967213
0.2 0.967213
0.417 1.000000
0.308 1.000000
0.392 1.000000
0.5 1.000000
0.5 1.000000
0.5 0.983333
0.5 0.983607
0.5 1.000000
0.5 1.000000
0.5 1.000000
0.5 1.000000
0.5 0.933333
0.5 0.000000
0.5 0.000000
0.483 1.000000
0.5 0.000000
0.5 1.000000
0.5 1.000000
0.5 0.967213
0.117 1.000000
0.5 1.000000
0.5 0.983051
0.5 0.000000
0.325 1.000000
0.5 0.000000
0.342 1.000000
0.5 0.949153
0.5 0.000000
0.5 0.966667
0.5 1.000000
0.5 1.000000
0.5 0.000000
0.5 1.000000
0.5 0.983607
0.108 0.934426
0.5 1.000000
0.5 1.000000
0.5 1.000000
0.5 1.000000
0.142 1.000000
0.492 1.000000
0.5 0.900000
0.5 0.983051
0.5 0.000000
0.5 0.000000
0.5 0.983051
0.5 1.000000
0.417 0.786885
0.5 0.967213
0.5 1.000000
0.5 0.000000
0.5 1.000000
0.5 0.000000
0.5 0.966667
0.5 1.000000
0.5 1.000000
0.5 0.000000
0.5 0.000000
0.092 1.000000
0.5 0.000000
0.5 1.000000
0.466 0.966667
0.5 0.000000
0.5 1.000000
0.5 0.000000
0.5 1.000000
0.358 1.000000
0.475 1.000000
0.5 0.000000
0.5 1.000000
0.5 1.000000
0.5 1.000000
0.5 1.000000
0.5 0.966667
0.5 0.983607
0.407 0.983333
0.5 0.000000
0.5 1.000000
0.5 0.983051
0.0 0.000000
0.5 0.967213
0.5 1.000000
0.5 0.000000
0.5 0.983333
0.5 1.000000
0.5 1.000000
0.5 1.000000
0.5 1.000000
0.5 0.933333
0.5 0.983607
0.292 1.000000
0.025 0.967213
0.5 1.000000
0.5 0.964286
0.0 0.000000
0.5 1.000000
0.5 0.983607
0.5 1.000000
0.5 0.000000
0.5 0.000000
0.425 1.000000
0.5 0.000000
0.433 1.000000
0.5 0.000000
0.5 0.000000
0.5 1.000000
0.5 1.000000
0.0 0.000000
0.5 1.000000
0.067 1.000000
0.433 0.934426
0.5 0.000000
0.5 1.000000
0.5 1.000000
0.267 0.964912
0.4 0.966667
0.5 0.868852
0.5 0.983607
0.5 1.000000
0.5 1.000000
0.5 0.983607
0.5 0.983607
0.5 0.803279
0.271 0.983051
0.5 0.000000
0.5 1.000000
0.5 0.000000
0.5 0.866667
0.5 0.196721
0.5 1.000000
0.5 1.000000
0.5 0.000000
0.5 0.000000
0.5 0.983051
0.5 0.983607
0.5 0.933333
0.367 1.000000
0.5 0.000000
0.5 0.966667
0.5 0.000000
0.5 0.982456
0.5 1.000000
0.5 1.000000
0.5 1.000000
0.5 1.000000
0.5 0.000000
0.133 1.000000
0.5 0.000000
0.5 0.000000
0.042 1.000000
0.5 0.000000
0.0 0.000000
0.5 0.854545
0.5 0.000000
0.083 0.983333
0.025 0.983607
0.358 1.000000
0.5 0.852459
0.5 1.000000
0.4 1.000000
0.5 0.983607
0.5 0.983607
0.5 0.983607
0.5 0.901639
0.167 0.859649
0.5 1.000000
0.442 1.000000
0.5 1.000000
0.225 0.967213
0.5 1.000000
0.075 0.950820
0.5 0.982456
0.0 0.000000
0.475 1.000000
0.5 1.000000
0.5 0.982456
0.5 1.000000
0.5 0.983333
0.5 1.000000
0.5 1.000000
0.5 0.000000
0.358 1.000000
0.5 1.000000
0.5 0.967213
0.5 1.000000
0.5 0.983051
0.383 0.950820
0.45 1.000000
0.5 1.000000
0.5 0.916667
0.5 0.000000
0.5 0.966667
0.0 0.000000
0.172 1.000000
0.5 1.000000
0.5 1.000000
0.5 0.000000
0.242 1.000000
0.283 0.901639
0.5 1.000000
0.5 1.000000
0.5 1.000000
0.5 0.966667
0.5 0.000000
0.5 1.000000
0.5 0.000000
0.5 1.000000
0.5 1.000000
0.5 1.000000
0.5 0.000000
0.342 0.983607
0.5 1.000000
0.5 0.016393
0.5 0.950820
0.5 0.000000
0.5 0.000000
0.5 1.000000
0.067 0.918033
0.5 0.000000
0.5 0.000000
0.5 1.000000
0.192 1.000000
0.5 1.000000
0.45 1.000000
0.339 0.833333
0.5 0.983051
0.5 0.000000
0.5 1.000000
0.5 0.933333
0.5 0.913793
0.5 0.983607
0.5 1.000000
0.5 0.000000
0.5 0.000000
0.5 0.000000
0.5 1.000000
0.308 1.000000
0.5 0.000000
0.5 0.000000
0.5 1.000000
0.136 1.000000
0.5 0.000000
0.159 0.966667
0.5 1.000000
0.5 0.816667
0.5 0.000000
0.5 1.000000
0.5 0.000000
0.5 1.000000
0.5 1.000000
0.5 0.983607
0.5 1.000000
0.5 0.947368
0.5 0.000000
0.5 1.000000
0.5 1.000000
0.5 0.967213
0.5 0.000000
0.5 1.000000
0.5 0.000000
0.308 1.000000
0.5 0.050000
0.5 0.950820
0.4 1.000000
0.5 1.000000
0.5 0.000000
0.5 1.000000
0.5 0.000000
0.5 0.000000
0.5 0.983607
0.5 0.000000
0.5 0.000000
0.5 0.000000
0.5 0.081967
0.375 1.000000
0.275 1.000000
0.5 1.000000
0.3 0.803279
0.5 0.133333
0.408 1.000000
0.5 0.983607
0.5 0.016949
0.5 1.000000
0.5 0.983051
0.5 0.032787
0.5 0.932203
0.5 0.983607
0.0 0.000000
0.5 1.000000
0.275 1.000000
0.5 1.000000
0.217 0.981818
0.0 0.000000
0.5 0.704918
0.5 0.934426
0.5 0.000000
0.5 0.000000
0.5 1.000000
0.5 0.000000
0.5 0.000000
0.5 0.000000
0.5 0.000000
0.5 0.983607
0.5 0.000000
0.5 0.000000
0.5 0.000000
0.5 1.000000
0.183 0.983607
0.5 1.000000
0.5 0.950820
0.0 0.000000
0.5 0.000000
0.333 1.000000
0.5 0.947368
0.5 1.000000
0.5 0.000000
0.5 0.966667
0.5 0.967213
0.5 0.983607
0.5 0.000000
0.5 0.000000
0.5 1.000000
0.5 1.000000
0.5 1.000000
0.5 1.000000
0.233 0.934426
0.5 1.000000
0.5 0.000000
0.5 0.859649
0.5 1.000000
0.5 0.933333
0.5 1.000000
0.5 1.000000
0.5 0.950820
0.3 1.000000
0.5 0.000000
0.5 0.000000
0.192 1.000000
0.5 0.000000
0.5 1.000000
0.5 1.000000
0.5 0.000000
0.5 1.000000
0.478 0.901639
0.5 0.000000
0.5 1.000000
0.5 1.000000
0.442 1.000000
0.5 0.983333
0.5 1.000000
0.5 0.000000
0.5 0.881356
0.5 1.000000
0.5 0.934426
0.5 1.000000
0.025 1.000000
0.5 1.000000
0.492 0.950820
0.5 0.000000
0.383 0.983607
0.433 0.983607
0.5 0.933333
0.5 0.000000
0.5 0.000000
0.5 1.000000
0.267 0.967213
0.5 1.000000
0.5 1.000000
0.5 0.016393
0.5 1.000000
0.5 1.000000
0.283 1.000000
0.5 0.852459
0.5 0.933333
0.4 1.000000
0.5 0.000000
0.5 0.982759
0.5 1.000000
0.5 0.967213
0.283 0.983607
0.5 1.000000
0.5 0.983607
0.5 0.964286
0.5 0.000000
0.5 0.983607
0.347 0.966102
0.5 1.000000
0.5 0.913793
0.5 1.000000
0.433 1.000000
0.175 1.000000
0.5 0.849057
0.5 0.967213
0.2 0.983333
0.5 0.983607
0.5 1.000000
0.5 0.000000
0.5 0.983607
0.5 1.000000
0.5 1.000000
0.5 0.000000
0.5 1.000000
0.167 1.000000
0.102 0.916667
0.5 1.000000
0.5 0.967213
0.108 1.000000
0.5 0.000000
0.5 1.000000
0.5 0.000000
0.5 0.967213
0.5 0.983607
0.5 1.000000
0.5 1.000000
0.5 1.000000
0.5 0.000000
0.5 1.000000
0.333 1.000000
0.5 0.000000
0.108 0.983607
0.5 1.000000
0.1 1.000000
0.5 1.000000
0.5 0.706897
0.225 0.950820
0.308 1.000000
0.5 1.000000
0.5 0.983051
0.5 0.885246
0.5 1.000000
0.5 1.000000
0.5 1.000000
0.0 0.000000
0.5 0.000000
0.267 0.983607
0.5 0.950820
0.5 0.000000
0.5 1.000000
0.5 1.000000
0.5 1.000000
0.398 1.000000
0.5 0.000000
0.5 0.983333
0.5 0.983607
0.103 0.948276
0.5 0.000000
0.5 1.000000
0.5 0.000000
0.5 0.016393
0.5 1.000000
0.5 0.983333
0.0 0.000000
0.5 1.000000
0.0 0.000000
0.5 0.000000
0.5 1.000000
0.233 1.000000
0.442 1.000000
0.5 0.000000
0.0 0.000000
0.422 0.983051
0.5 0.847458
0.5 0.000000
0.5 0.948276
0.5 1.000000
0.5 1.000000
0.15 1.000000
0.5 0.000000
0.5 0.000000
0.5 0.000000
0.5 0.000000
0.5 1.000000
0.5 1.000000
0.5 0.967213
0.5 1.000000
0.5 0.000000
0.5 1.000000
0.5 1.000000
0.5 1.000000
0.5 1.000000
0.5 0.983607
0.325 0.967213
0.5 1.000000
0.5 1.000000
0.5 1.000000
0.375 1.000000
0.5 1.000000
0.5 1.000000
0.5 1.000000
0.233 0.983607
0.5 1.000000
0.5 1.000000
0.5 0.983051
0.5 0.965517
0.5 1.000000
0.5 1.000000
0.5 0.983333
0.5 0.983607
0.5 0.931034
0.008 1.000000
0.417 1.000000
0.5 0.885246
0.5 1.000000
0.5 0.964286
0.5 0.949153
0.167 1.000000
0.5 1.000000
0.5 1.000000
0.5 0.000000
0.5 0.983607
0.233 1.000000
0.5 1.000000
0.5 0.000000
0.5 0.949153
0.5 1.000000
0.424 0.966667
0.5 0.000000
0.35 0.983607
0.5 0.967213
0.293 0.571429
0.333 0.983607
0.5 1.000000
0.5 1.000000
0.5 0.000000
0.5 0.982143
0.108 1.000000
0.5 0.901639
0.5 1.000000
0.008 0.000000
0.5 0.915254
0.033 1.000000
0.5 0.000000
0.5 1.000000
0.5 0.000000
0.5 0.000000
0.5 0.000000
0.5 1.000000
0.5 1.000000
0.5 0.950820
0.5 1.000000
0.5 1.000000
0.5 0.000000
0.425 1.000000
0.492 1.000000
0.5 0.983607
0.5 1.000000
0.5 0.819672
0.161 0.789474
0.5 1.000000
0.5 1.000000
0.192 1.000000
0.5 0.000000
0.5 1.000000
0.5 0.000000
0.5 0.966102
0.5 0.000000
0.5 0.000000
0.5 0.000000
0.5 1.000000
0.5 1.000000
0.169 0.866667
0.28 0.983333
0.5 0.000000
0.5 1.000000
0.5 0.965517
0.5 0.000000
0.35 1.000000
0.5 0.983607
0.5 0.983607
0.35 0.933333
0.5 1.000000
0.282 0.909091
0.15 1.000000
0.5 1.000000
0.5 1.000000
0.5 1.000000
0.5 0.213115
0.5 0.983607
0.5 0.983607
0.5 0.983607
0.5 1.000000
0.5 1.000000
0.5 0.967213
0.183 1.000000
0.175 1.000000
0.5 1.000000
0.5 1.000000
0.5 0.983607
0.5 0.000000
0.5 1.000000
0.5 0.000000
0.5 1.000000
0.5 0.966667
0.5 1.000000
0.5 0.716667
0.5 1.000000
0.5 1.000000
0.5 1.000000
0.5 0.000000
0.5 0.000000
0.5 1.000000
0.283 1.000000
0.5 1.000000
0.367 1.000000
0.5 0.932203
0.5 0.640000
0.5 0.852459
0.5 1.000000
0.4 1.000000
0.5 0.983051
0.167 1.000000
0.275 0.983333
0.5 0.000000
0.212 0.983333
0.05 0.885246
0.5 1.000000
0.5 1.000000
0.5 0.000000
0.5 0.983607
0.5 0.000000
0.5 1.000000
0.5 0.949153
0.5 0.016393
0.5 1.000000
0.5 0.898305
0.377 1.000000
0.4 0.983607
0.5 1.000000
0.5 0.983333
0.5 0.894737
0.012 0.034483
0.5 1.000000
0.5 1.000000
0.5 0.950000
0.433 1.000000
0.5 0.000000
0.5 0.000000
0.5 0.000000
0.5 1.000000
0.5 0.983051
0.5 0.000000
0.5 1.000000
0.5 0.000000
0.5 1.000000
0.5 0.000000
0.5 0.962264
0.5 0.016393
0.5 0.000000
0.5 1.000000
0.5 1.000000
0.5 0.016393
0.5 1.000000
0.5 0.868852
0.5 0.883333
0.483 0.983607
0.5 0.966667
0.0 0.000000
0.5 1.000000
0.5 0.950820
0.5 1.000000
0.491 0.982456
0.5 1.000000
0.5 1.000000
0.5 0.000000
0.169 0.966102
0.325 1.000000
0.5 0.983607
0.025 0.098361
0.5 0.983333
0.5 1.000000
0.5 1.000000
0.5 0.983607
0.5 1.000000
0.5 1.000000
0.075 0.967213
0.5 0.967213
0.5 1.000000
0.5 0.000000
0.5 0.983051
0.333 1.000000
0.5 1.000000
0.5 1.000000
0.5 0.000000
0.5 1.000000
0.5 0.016667
0.217 1.000000
0.5 0.816327
0.133 1.000000
0.5 0.933333
0.208 1.000000
0.5 0.000000
0.5 1.000000
0.5 0.000000
0.5 1.000000
0.5 1.000000
0.161 0.983333
0.5 0.520000
0.5 0.967213
0.424 1.000000
0.5 0.000000
0.5 0.000000
0.5 0.983607
0.5 0.934426
0.275 0.966667
0.083 1.000000
0.5 1.000000
0.5 0.983333
0.5 0.983607
0.5 1.000000
0.5 1.000000
0.125 1.000000
0.5 0.934426
0.5 0.901639
0.5 0.000000
0.444 0.981818
0.108 1.000000
0.5 1.000000
0.3 0.967213
0.35 0.950820
0.5 0.000000
0.208 0.950820
0.5 0.948276
0.5 0.983607
0.5 0.918033
0.5 1.000000
0.5 1.000000
0.5 0.000000
0.5 1.000000
0.358 0.929825
0.5 0.000000
0.5 0.000000
0.425 1.000000
0.5 0.000000
0.5 0.000000
0.5 0.983607
0.5 0.000000
0.5 0.962963
0.5 0.000000
0.5 1.000000
0.5 1.000000
0.5 0.064516
0.5 1.000000
0.229 0.950000
0.417 1.000000
0.5 0.000000
0.5 0.983333
0.5 1.000000
0.5 0.000000
0.233 1.000000
0.5 0.949153
0.5 0.000000
0.5 0.016949
0.5 0.983607
0.5 1.000000
0.5 0.000000
0.5 1.000000
0.5 0.000000
0.5 1.000000
0.5 1.000000
0.5 0.877193
0.5 1.000000
0.5 0.000000
0.133 0.983607
0.443 0.966667
0.5 0.983051
0.5 0.000000
0.5 0.000000
0.5 0.000000
0.5 1.000000
0.5 1.000000
0.4 1.000000
0.375 0.983607
0.5 0.862069
0.183 1.000000
0.102 1.000000
0.5 0.000000
0.5 0.932203
0.5 1.000000
0.5 1.000000
0.05 1.000000
0.5 1.000000
0.5 1.000000
0.383 0.983607
0.008 1.000000
0.5 1.000000
0.5 1.000000
0.5 1.000000
0.5 1.000000
0.237 0.983333
0.192 1.000000
0.5 1.000000
0.5 0.000000
0.5 0.000000
0.5 1.000000
0.5 0.032258
0.45 1.000000
0.309 1.000000
0.5 1.000000
0.456 0.982759
0.5 0.000000
0.5 1.000000
0.5 0.000000
0.5 0.965517
0.5 0.000000
0.5 0.983607
0.5 0.983607
0.5 0.967213
0.5 0.983607
0.392 1.000000
0.5 1.000000
0.5 0.000000
0.5 1.000000
0.5 1.000000
0.5 0.950820
0.5 0.949153
0.5 0.824561
0.5 0.966667
0.5 0.000000
0.5 0.967213
0.175 1.000000
0.5 1.000000
0.5 1.000000
0.5 0.964912
0.308 0.967213
0.433 1.000000
0.5 0.966667
0.5 0.931034
0.5 1.000000
0.5 0.000000
0.5 1.000000
0.5 1.000000
0.5 1.000000
0.5 0.967213
0.237 0.884615
0.142 1.000000
0.5 1.000000
0.242 1.000000
0.5 1.000000
0.5 0.925926
0.2 1.000000
0.5 0.983607
0.5 0.983333
0.5 0.915254
0.5 0.000000
0.5 0.819672
0.5 0.915254
0.5 1.000000
0.5 0.966102
0.5 1.000000
0.5 1.000000
0.5 1.000000
0.5 0.000000
0.5 0.000000
0.5 0.000000
0.383 0.983333
0.375 1.000000
0.5 0.000000
0.5 0.000000
0.333 1.000000
0.5 0.000000
0.375 1.000000
0.5 1.000000
0.5 0.000000
0.5 0.934426
0.5 0.966667
0.5 0.000000
0.5 0.000000
0.475 0.901639
0.5 0.931034
0.5 0.983333
0.5 0.000000
0.5 1.000000
0.308 1.000000
0.475 1.000000
0.5 0.950820
0.5 0.850000
0.0 0.000000
0.083 0.918033
0.5 1.000000
0.5 1.000000
0.5 1.000000
0.5 1.000000
0.5 0.983607
0.5 1.000000
0.5 0.983051
0.245 0.981132
0.328 0.983051
0.5 0.000000
0.5 0.000000
0.5 1.000000
0.5 1.000000
0.058 0.868852
0.5 1.000000
0.025 1.000000
0.5 0.928571
0.075 0.983607
0.5 0.000000
0.4 0.983607
0.5 0.000000
0.342 1.000000
0.5 0.967213
0.5 1.000000
0.5 1.000000
0.083 1.000000
0.5 0.000000
0.5 0.852459
0.433 1.000000
0.5 0.000000
0.5 1.000000
0.5 0.000000
0.5 0.068966
0.5 0.983333
0.5 0.000000
0.5 0.000000
0.5 0.000000
0.5 1.000000
0.5 0.000000
0.5 1.000000
0.5 0.000000
0.5 1.000000
0.192 1.000000
0.5 0.000000
0.5 1.000000
0.5 1.000000
0.5 0.000000
0.5 0.950820
0.5 0.890909
0.5 0.000000
0.5 1.000000
0.5 0.065574
0.5 0.964286
0.5 1.000000
0.5 0.000000
0.5 0.000000
0.5 0.000000
0.5 0.983607
0.5 0.964912
0.5 0.967213
0.15 0.983607
0.5 1.000000
0.5 0.000000
0.5 0.000000
0.0 0.000000
0.5 0.949153
0.5 1.000000
0.5 0.983607
0.5 1.000000
0.5 0.963636
0.033 1.000000
0.108 1.000000
0.5 1.000000
0.398 1.000000
0.5 0.000000
0.5 1.000000
0.5 0.921569
0.5 0.881356
0.5 0.016393
0.492 1.000000
0.5 1.000000
0.5 0.983051
0.5 0.819672
0.085 0.983333
0.167 0.983607
0.5 1.000000
0.5 0.000000
0.5 1.000000
0.5 0.000000
0.275 1.000000
0.5 0.881356
0.5 1.000000
0.5 1.000000
0.5 1.000000
0.5 1.000000
0.474 0.724138
0.0 0.000000
0.092 1.000000
0.19 0.807018
0.5 0.000000
0.5 0.000000
0.339 0.864407
0.5 0.000000
0.5 1.000000
0.132 0.864407
0.0 0.000000
0.5 0.967213
0.0 0.000000
0.5 0.000000
0.5 0.983607
0.317 1.000000
0.5 0.901639
0.425 1.000000
0.5 1.000000
0.392 0.962963
0.5 0.000000
0.483 1.000000
0.083 0.836066
0.5 1.000000
0.5 1.000000
0.5 1.000000
0.5 1.000000
0.5 1.000000
0.5 1.000000
0.5 0.967213
0.5 0.000000
0.5 1.000000
0.0 0.000000
0.5 1.000000
0.375 1.000000
0.5 1.000000
0.0 0.000000
0.5 0.000000
0.5 0.000000
0.5 0.983607
0.5 0.000000
0.043 0.949153
0.5 0.000000
0.5 0.982759
0.5 0.983607
0.5 0.000000
0.5 0.934426
0.5 0.000000
0.5 1.000000
0.5 1.000000
0.5 1.000000
0.5 1.000000
0.5 1.000000
0.5 1.000000
0.0 0.000000
0.5 0.000000
0.5 1.000000
0.333 0.885246
0.5 1.000000
0.5 1.000000
0.5 1.000000
0.5 1.000000
0.317 1.000000
0.271 0.898305
0.5 1.000000
0.5 0.000000
0.5 0.983051
0.5 0.771930
0.108 0.983333
0.5 0.966102
0.5 0.000000
0.068 0.950000
0.5 1.000000
0.263 1.000000
0.5 0.066667
0.395 0.912281
0.5 1.000000
0.5 0.000000
0.5 0.927273
0.5 0.000000
0.5 0.967213
0.5 0.000000
0.5 1.000000
0.167 1.000000
0.5 1.000000
0.442 1.000000
0.5 1.000000
0.458 1.000000
0.417 1.000000
0.5 0.934426
0.5 1.000000
0.358 1.000000
0.5 0.016393
0.5 0.000000
0.5 1.000000
0.5 0.000000
0.5 0.618182
0.5 0.983607
0.5 0.967213
0.5 1.000000
0.5 0.932203
0.5 0.000000
0.459 0.840000
0.0 0.000000
0.5 1.000000
0.5 0.000000
0.5 0.000000
0.22 1.000000
0.5 1.000000
0.175 1.000000
0.5 1.000000
0.5 0.983607
0.25 1.000000
0.151 0.758621
0.5 1.000000
0.5 0.000000
0.5 0.967213
0.408 0.803279
0.5 0.933333
0.075 0.950820
0.15 0.967213
0.2 1.000000
0.5 0.900000
0.5 0.967213
0.5 0.000000
0.5 1.000000
0.5 1.000000
0.5 1.000000
0.233 1.000000
0.5 0.000000
0.5 1.000000
0.5 1.000000
0.5 0.000000
0.5 0.896552
0.5 1.000000
0.058 0.016393
0.5 0.950820
0.5 0.950820
0.5 1.000000
0.5 0.983051
0.5 0.950820
0.5 0.932203
0.325 0.983607
0.5 1.000000
0.5 0.000000
0.5 1.000000
0.5 1.000000
0.5 1.000000
0.5 1.000000
0.5 0.771930
0.5 0.000000
0.5 0.000000
0.5 1.000000
0.5 0.033333
0.5 0.000000
0.5 1.000000
0.5 1.000000
0.5 1.000000
0.355 0.982143
0.042 1.000000
0.5 1.000000
0.5 1.000000
0.5 0.000000
0.5 0.866667
0.5 1.000000
0.5 1.000000
0.025 0.983333
0.5 0.983607
0.012 0.000000
0.108 1.000000
0.5 0.983051
0.5 1.000000
0.292 1.000000
0.5 0.517241
0.5 0.000000
0.5 1.000000
0.5 0.000000
0.5 1.000000
0.033 1.000000
0.5 0.964912
0.237 0.894737
0.5 1.000000
0.5 1.000000
0.067 0.868852
0.5 0.000000
0.5 0.000000
0.5 0.000000
0.5 1.000000
0.292 1.000000
0.5 0.000000
0.5 1.000000
0.5 0.000000
0.5 0.000000
0.5 0.949153
0.5 0.949153
0.5 0.966667
0.5 1.000000
0.5 1.000000
0.5 0.000000
0.5 0.000000
0.5 0.000000
0.5 0.983607
0.5 1.000000
0.5 0.862069
0.5 0.934426
0.283 0.950820
0.5 0.966102
0.167 1.000000
0.5 1.000000
0.25 1.000000
0.5 0.000000
0.5 1.000000
0.367 1.000000
0.5 0.736842
0.267 1.000000
0.5 1.000000
0.5 0.901639
0.0 0.000000
0.5 0.934426
0.5 0.000000
0.5 1.000000
0.11 0.843137
0.5 1.000000
0.5 1.000000
0.05 0.967213
0.5 1.000000
