0.5 1.000000
0.5 1.000000
0.5 0.016393
0.5 0.032787
0.5 0.000000
0.5 0.000000
0.392 0.983333
0.5 0.885246
0.5 0.966667
0.358 0.983607
0.5 1.000000
0.5 0.000000
0.281 0.932203
0.5 0.000000
0.35 1.000000
0.5 0.000000
0.5 0.016393
0.5 0.016393
0.5 0.881356
0.5 1.000000
0.043 0.000000
0.5 0.000000
0.5 0.934426
0.5 0.932203
0.5 0.000000
0.5 0.934426
0.225 1.000000
0.5 0.016393
0.5 0.000000
0.5 0.000000
0.5 0.000000
0.5 0.931034
0.5 0.016393
0.5 0.000000
0.5 0.950000
0.5 0.000000
0.5 0.000000
0.19 0.983051
0.5 0.933333
0.408 1.000000
0.5 0.000000
0.5 0.983607
0.5 0.844828
0.5 0.032787
0.5 0.000000
0.415 0.983333
0.5 0.885246
0.5 0.000000
0.5 0.950820
0.292 0.901639
0.5 0.049180
0.5 0.000000
0.5 0.000000
0.224 0.932203
0.5 0.016393
0.5 0.000000
0.5 0.950820
0.5 0.933333
0.5 0.000000
0.5 0.000000
0.5 0.000000
0.5 0.000000
0.5 0.000000
0.5 0.000000
0.5 0.000000
0.5 0.000000
0.026 0.000000
0.5 0.000000
0.051 0.000000
0.5 0.894737
0.5 0.000000
0.5 0.000000
0.5 1.000000
0.5 0.000000
0.5 0.000000
0.5 0.852459
0.5 0.949153
0.5 0.933333
0.5 0.934426
0.5 0.000000
0.5 0.000000
0.5 0.000000
0.5 0.868852
0.5 0.934426
0.5 0.000000
0.5 0.000000
0.5 1.000000
0.025 0.000000
0.5 0.000000
0.5 0.000000
0.325 1.000000
0.5 1.000000
0.133 0.934426
0.492 1.000000
0.5 0.950820
0.5 0.033333
0.5 0.000000
0.5 0.016393
0.5 0.901639
0.5 0.000000
0.5 0.016393
0.5 0.000000
0.5 0.000000
0.5 0.068966
0.5 0.000000
0.5 0.000000
0.5 1.000000
0.5 0.000000
0.5 0.890909
0.5 0.000000
0.5 0.000000
0.5 0.000000
0.15 0.016393
0.5 0.881356
0.208 1.000000
0.5 0.000000
0.5 0.950820
0.5 1.000000
0.5 0.016667
0.5 0.983607
0.5 0.983607
0.5 0.000000
0.5 0.000000
0.5 0.918033
0.5 0.966102
0.5 0.000000
0.121 0.881356
0.5 0.950820
0.5 0.000000
0.5 0.918033
0.5 0.000000
0.5 0.918033
0.5 0.049180
0.075 0.000000
0.5 0.000000
0.325 0.131148
0.5 0.000000
0.5 0.000000
0.5 0.083333
0.5 0.000000
0.5 0.967213
0.5 0.032787
0.5 0.000000
0.5 0.016393
0.5 0.000000
0.5 0.966102
0.5 0.000000
0.5 0.000000
0.075 0.000000
0.367 0.967213
0.117 0.983607
0.5 0.000000
0.5 0.950820
0.5 0.918033
0.5 0.913793
0.5 0.000000
0.5 0.852459
0.15 0.950820
0.5 0.950820
0.5 0.000000
0.5 0.000000
0.5 0.000000
0.5 0.982759
0.5 0.982456
0.5 1.000000
0.464 0.912281
0.15 0.950820
0.5 0.000000
0.5 0.901639
0.5 0.000000
0.5 0.982759
0.5 1.000000
0.5 0.967213
0.5 0.049180
0.5 0.000000
0.5 0.967213
0.5 0.885246
0.175 0.933333
0.5 1.000000
0.5 0.000000
0.5 0.000000
0.5 0.000000
0.5 0.934426
0.367 0.900000
0.5 0.000000
0.0 0.000000
0.5 0.034483
0.5 0.900000
0.5 0.000000
0.5 1.000000
0.425 1.000000
0.5 1.000000
0.5 0.016393
0.208 0.016393
0.5 1.000000
0.5 0.000000
0.5 0.000000
0.5 0.000000
0.5 0.016949
0.085 0.016667
0.5 0.918033
0.272 0.084746
0.5 0.000000
0.5 0.032787
0.195 0.033898
0.5 0.032787
0.483 1.000000
0.5 0.915254
0.5 0.950820
0.298 0.862745
0.5 0.000000
0.5 0.000000
0.033 0.114754
0.45 0.950820
0.5 0.016393
0.5 0.000000
0.5 0.933333
0.333 0.901639
0.5 0.000000
0.5 0.918033
0.5 1.000000
0.5 0.000000
0.5 0.966667
0.5 0.016393
0.5 0.885246
0.117 0.032787
0.5 0.016667
0.5 0.000000
0.5 0.491803
0.5 0.000000
0.5 0.000000
0.0 0.000000
0.5 0.000000
0.5 0.098361
0.5 1.000000
0.5 0.016393
0.5 0.000000
0.5 0.000000
0.5 0.918033
0.492 1.000000
0.5 0.983607
0.5 0.000000
0.5 0.000000
0.125 0.967213
0.258 0.900000
0.5 1.000000
0.225 0.967213
0.5 0.000000
0.5 0.000000
0.5 0.000000
0.5 0.000000
0.5 0.983607
0.5 0.965517
0.5 0.000000
0.019 0.000000
0.283 0.868852
0.5 0.000000
0.5 0.803922
0.5 0.000000
0.114 0.033333
0.5 0.016393
0.5 0.950820
0.5 0.000000
0.5 0.000000
0.5 0.901639
0.421 0.965517
0.5 0.466667
0.5 0.900000
0.5 0.000000
0.5 0.000000
0.5 1.000000
0.5 0.852459
0.5 0.000000
0.5 0.819672
0.5 0.000000
0.5 0.000000
0.5 0.000000
0.319 0.947368
0.5 0.000000
0.5 0.950820
0.5 0.000000
0.217 0.967213
0.5 0.983607
0.5 0.000000
0.375 1.000000
0.5 0.000000
0.5 0.843137
0.317 1.000000
0.5 0.000000
0.5 0.967213
0.283 0.950820
0.5 0.000000
0.5 0.000000
0.092 0.000000
0.5 0.000000
0.5 0.000000
0.5 0.000000
0.5 0.983607
0.5 0.000000
0.017 0.000000
0.5 0.000000
0.5 0.000000
0.5 0.000000
0.5 0.000000
0.5 0.000000
0.5 0.885246
0.5 0.916667
0.5 1.000000
0.5 1.000000
0.202 0.982456
0.5 0.983607
0.442 1.000000
0.5 1.000000
0.5 0.000000
0.458 0.983333
0.5 0.000000
0.5 0.000000
0.275 0.967213
0.5 0.000000
0.458 1.000000
0.011 0.016393
0.075 0.032787
0.342 0.803279
0.5 0.000000
0.208 0.065574
0.192 0.983607
0.5 0.000000
0.5 0.771930
0.075 0.918033
0.5 0.864407
0.017 0.000000
0.5 1.000000
0.5 0.000000
0.5 1.000000
0.5 0.016393
0.5 0.049180
0.5 1.000000
0.5 0.000000
0.5 0.000000
0.5 0.983333
0.5 0.901639
0.5 1.000000
0.5 0.650000
0.5 0.983607
0.017 0.000000
0.5 0.000000
0.5 0.983607
0.15 0.000000
0.5 0.966667
0.5 1.000000
0.5 0.016393
0.25 0.081967
0.5 0.000000
0.5 1.000000
0.5 0.067797
0.441 0.983333
0.5 0.000000
0.5 0.983051
0.5 0.016393
0.5 1.000000
0.5 0.000000
0.5 0.000000
0.475 0.967213
0.5 0.016393
0.5 0.950000
0.5 0.065574
0.051 0.000000
0.5 0.983607
0.5 0.934426
0.5 0.000000
0.458 1.000000
0.5 0.000000
0.5 0.000000
0.5 1.000000
0.5 0.000000
0.5 0.000000
0.475 0.967213
0.075 0.016393
0.5 0.000000
0.5 0.000000
0.5 0.000000
0.5 0.000000
0.5 0.966667
0.5 0.000000
0.5 1.000000
0.017 0.000000
0.3 0.967213
0.5 0.000000
0.492 0.967213
0.3 0.934426
0.5 0.000000
0.5 0.967213
0.5 0.016393
0.375 0.852459
0.5 0.983607
0.5 0.000000
0.5 0.000000
0.5 0.950000
0.5 0.000000
0.5 1.000000
0.5 0.016667
0.5 0.016393
0.5 0.915254
0.5 0.000000
0.5 0.000000
0.5 0.967213
0.5 1.000000
0.283 0.901639
0.5 0.098361
0.5 0.000000
0.008 0.000000
0.5 1.000000
0.5 0.983607
0.377 0.763636
0.5 0.000000
0.075 0.000000
0.5 0.704918
0.5 0.949153
0.5 0.000000
0.5 0.000000
0.5 0.950820
0.5 0.000000
0.0 0.000000
0.5 0.000000
0.5 0.000000
0.5 0.016393
0.5 0.000000
0.5 0.000000
0.5 1.000000
0.3 1.000000
0.5 0.034483
0.5 0.000000
0.5 1.000000
0.5 0.000000
0.5 1.000000
0.5 0.000000
0.283 0.901639
0.5 0.000000
0.5 0.000000
0.5 0.000000
0.5 0.934426
0.5 0.721311
0.5 0.000000
0.465 0.862069
0.5 0.016393
0.5 1.000000
0.5 0.000000
0.5 0.885246
0.458 0.983333
0.5 0.000000
0.5 0.081967
0.5 0.000000
0.5 0.016393
0.5 0.000000
0.5 0.000000
0.15 0.983607
0.5 0.000000
0.5 0.819672
0.5 0.000000
0.5 0.000000
0.5 0.000000
0.5 0.065574
0.033 0.000000
0.0 0.000000
0.5 0.000000
0.2 1.000000
0.483 1.000000
0.5 0.934426
0.5 0.214286
0.5 0.000000
0.5 0.016393
0.35 0.803279
0.5 0.000000
0.5 0.000000
0.5 0.000000
0.5 0.000000
0.5 0.016393
0.5 0.000000
0.5 0.983333
0.5 1.000000
0.125 0.032787
0.189 0.000000
0.5 0.000000
0.5 0.000000
0.5 1.000000
0.5 1.000000
0.5 1.000000
0.4 0.898305
0.5 0.016393
0.5 0.830508
0.092 0.016393
0.5 0.966667
0.5 0.016393
0.5 0.000000
0.5 0.000000
0.5 0.000000
0.5 1.000000
0.5 1.000000
0.5 0.016949
0.5 0.983051
0.5 0.033333
0.5 0.000000
0.5 0.950820
0.5 0.883333
0.139 0.727273
0.5 0.166667
0.5 0.019608
0.5 0.016393
0.5 0.049180
0.5 0.000000
0.5 0.000000
0.5 0.000000
0.5 0.933333
0.5 0.016393
0.5 0.049180
0.5 0.950000
0.5 0.016667
0.5 0.000000
0.5 0.000000
0.5 0.885246
0.5 0.852459
0.5 0.000000
0.5 0.000000
0.5 0.983333
0.5 1.000000
0.192 0.934426
0.5 0.733333
0.0 0.000000
0.442 0.967213
0.5 0.000000
0.5 0.000000
0.125 0.016393
0.5 0.000000
0.5 0.000000
0.5 0.000000
0.5 0.000000
0.5 1.000000
0.5 0.983607
0.5 0.000000
0.5 0.000000
0.125 0.983333
0.5 0.000000
0.5 1.000000
0.5 0.081967
0.5 0.929825
0.5 0.000000
0.358 0.983607
0.5 1.000000
0.5 0.000000
0.442 1.000000
0.5 0.000000
0.225 0.934426
0.5 1.000000
0.5 0.950820
0.258 0.950820
0.5 0.000000
0.5 0.000000
0.5 0.000000
0.488 0.793103
0.192 0.966667
0.357 1.000000
0.5 1.000000
0.5 0.983333
0.125 0.000000
0.5 0.983333
0.432 0.881356
0.5 0.000000
0.5 0.000000
0.5 0.000000
0.5 0.000000
0.5 0.000000
0.203 0.000000
0.5 0.000000
0.5 0.000000
0.5 0.000000
0.5 0.950820
0.5 0.983607
0.5 0.885246
0.5 0.934426
0.5 0.000000
0.5 0.033898
0.5 1.000000
0.5 0.000000
0.033 0.000000
0.5 0.885246
0.125 0.967213
0.5 0.049180
0.5 0.000000
0.5 0.000000
0.5 0.000000
0.5 0.000000
0.5 0.918033
0.5 0.000000
0.5 0.016667
0.5 0.000000
0.5 0.000000
0.15 0.983333
0.5 0.000000
0.5 1.000000
0.5 1.000000
0.5 0.000000
0.254 0.898305
0.058 0.000000
0.5 0.983333
0.5 0.983607
0.167 0.916667
0.5 0.916667
0.5 0.000000
0.5 0.000000
0.5 0.000000
0.5 0.967213
0.5 0.933333
0.5 0.016393
0.5 0.016393
0.2 0.967213
0.5 0.000000
0.5 0.000000
0.083 1.000000
0.5 0.049180
0.5 0.000000
0.5 0.000000
0.5 0.000000
0.5 0.983607
0.5 1.000000
0.5 0.967213
0.5 1.000000
0.5 0.016393
0.11 0.050847
0.5 0.000000
0.05 0.000000
0.5 0.983607
0.008 0.000000
0.5 0.000000
0.5 0.983333
0.5 0.934426
0.5 0.983607
0.5 0.983607
0.5 0.000000
0.5 0.000000
0.5 0.016393
0.008 0.000000
0.5 1.000000
0.5 0.000000
0.5 0.000000
0.242 0.065574
0.5 0.000000
0.5 0.000000
0.5 0.000000
0.5 0.000000
0.5 0.983607
0.5 1.000000
0.5 0.016393
0.5 0.032787
0.5 1.000000
0.5 0.000000
0.5 0.819672
0.5 0.000000
0.5 0.000000
0.5 0.000000
0.5 0.017544
0.5 0.000000
0.042 0.000000
0.5 0.983607
0.5 0.000000
0.392 0.983607
0.5 0.967213
0.5 0.000000
0.5 0.067797
0.5 0.000000
0.5 0.950820
0.5 0.016949
0.5 0.000000
0.5 1.000000
0.5 0.934426
0.5 0.000000
0.5 1.000000
0.5 0.000000
0.5 0.966667
0.5 0.016393
0.5 0.000000
0.5 0.000000
0.5 0.000000
0.5 0.000000
0.5 0.000000
0.5 0.000000
0.5 0.950820
0.5 0.032787
0.5 0.032787
0.383 0.901639
0.085 0.000000
0.5 0.016393
0.5 0.983051
0.5 0.000000
0.5 0.000000
0.5 0.934426
0.5 0.000000
0.5 0.950000
0.5 0.868852
0.5 0.931034
0.5 0.000000
0.5 0.000000
0.5 0.016393
0.5 0.000000
0.5 0.000000
0.5 0.049180
0.5 0.000000
0.5 0.000000
0.5 1.000000
0.5 0.000000
0.5 0.950820
0.5 0.934426
0.5 0.864407
0.5 0.000000
0.5 0.000000
0.458 1.000000
0.5 0.000000
0.5 0.000000
0.5 0.927273
0.067 0.000000
0.5 0.131148
0.5 0.901639
0.5 1.000000
0.5 0.016667
0.5 0.081967
0.5 1.000000
0.5 0.000000
0.5 0.983607
0.017 0.000000
0.36 0.827586
0.075 0.016393
0.45 0.934426
0.492 1.000000
0.467 1.000000
0.5 0.016393
0.067 0.016667
0.5 0.000000
0.0 0.000000
0.45 1.000000
0.086 0.016949
0.5 0.000000
0.5 1.000000
0.5 0.000000
0.5 0.950000
0.5 0.934426
0.5 0.016949
0.5 0.000000
0.107 0.000000
0.5 0.032787
0.5 0.983607
0.5 1.000000
0.5 0.000000
0.5 0.983333
0.333 1.000000
0.5 0.000000
0.432 1.000000
0.5 0.000000
0.5 0.000000
0.067 0.000000
0.5 0.000000
0.308 1.000000
0.5 1.000000
0.233 1.000000
0.5 0.918033
0.5 0.000000
0.5 0.000000
0.5 0.885246
0.492 1.000000
0.5 0.000000
0.5 0.966667
0.5 0.885246
0.358 1.000000
0.5 0.000000
0.5 0.000000
0.5 0.983051
0.5 0.983333
0.15 1.000000
0.5 0.000000
0.5 0.000000
0.5 0.983607
0.5 0.000000
0.0 0.000000
0.5 0.933333
0.5 0.065574
0.5 0.967213
0.5 0.000000
0.5 0.000000
0.5 0.016393
0.5 0.000000
0.367 1.000000
0.5 1.000000
0.5 1.000000
0.5 0.983607
0.5 0.000000
0.5 0.000000
0.5 0.950820
0.5 0.000000
0.492 0.967213
0.5 0.934426
0.5 0.000000
0.5 0.000000
0.0 0.000000
0.11 0.983051
0.5 0.000000
0.5 0.000000
0.0 0.000000
0.5 0.000000
0.5 0.000000
0.342 0.983607
0.5 0.000000
0.5 0.000000
0.042 0.016393
0.5 0.000000
0.5 0.000000
0.117 0.000000
0.0 0.000000
0.142 0.900000
0.5 0.000000
0.5 0.000000
0.5 1.000000
0.133 0.049180
0.5 0.016393
0.5 0.983607
0.5 0.918033
0.5 0.000000
0.5 0.000000
0.5 0.868852
0.5 0.932203
0.5 0.933333
0.5 0.000000
0.5 1.000000
0.5 0.000000
0.5 0.000000
0.5 0.000000
0.5 0.000000
0.5 0.896552
0.5 0.918033
0.5 0.083333
0.5 0.950000
0.5 0.049180
0.5 0.966102
0.5 0.923077
0.5 0.000000
0.5 0.016393
0.5 0.000000
0.5 0.000000
0.5 0.000000
0.0 0.000000
0.5 0.983333
0.5 0.000000
0.5 0.903226
0.5 0.883333
0.209 0.909091
0.5 0.000000
0.5 0.949153
0.5 0.000000
0.5 0.934426
0.475 1.000000
0.5 0.016393
0.5 0.918033
0.5 0.000000
0.5 0.847458
0.5 0.000000
0.5 0.000000
0.5 0.852459
0.5 1.000000
0.5 0.065574
0.5 0.967213
0.5 0.000000
0.308 0.885246
0.453 0.793103
0.5 0.642857
0.5 0.000000
0.5 0.950820
0.5 0.000000
0.5 0.000000
0.5 0.885246
0.5 0.000000
0.5 0.934426
0.5 0.000000
0.5 0.983607
0.3 1.000000
0.5 0.000000
0.35 1.000000
0.5 0.000000
0.5 0.049180
0.186 0.983051
0.008 0.016393
0.5 0.000000
0.5 0.913793
0.5 0.983607
0.5 0.016667
0.5 0.000000
0.5 0.000000
0.5 0.000000
0.5 0.950820
0.5 0.000000
0.36 0.966102
0.5 0.016393
0.5 0.000000
0.5 1.000000
0.5 0.000000
0.5 0.000000
0.5 0.000000
0.5 0.000000
0.5 0.000000
0.5 1.000000
0.017 0.032787
0.5 0.032787
0.317 0.885246
0.028 0.000000
0.5 0.967213
0.5 0.016393
0.5 0.016393
0.5 0.950820
0.458 1.000000
0.5 0.868852
0.5 0.833333
0.5 0.000000
0.5 0.724138
0.5 0.000000
0.5 0.983607
0.5 1.000000
0.5 0.000000
0.5 0.000000
0.5 0.881356
0.325 0.885246
0.5 0.966102
0.5 0.000000
0.0 0.000000
0.5 0.000000
0.5 0.000000
0.5 0.000000
0.5 0.000000
0.492 0.881356
0.5 0.000000
0.5 1.000000
0.5 0.000000
0.5 0.000000
0.5 0.051724
0.5 0.000000
0.5 0.983051
0.5 1.000000
0.5 0.000000
0.5 0.916667
0.0 0.000000
0.5 0.032787
0.5 0.000000
0.325 0.934426
0.033 0.000000
0.173 0.000000
0.5 0.000000
0.5 0.949153
0.5 0.983607
0.275 0.901639
0.117 0.050000
0.5 0.000000
0.5 0.800000
0.5 0.844828
0.5 0.983607
0.4 0.967213
0.5 0.000000
0.5 0.000000
0.5 0.950820
0.5 0.172414
0.5 1.000000
0.5 0.000000
0.0 0.000000
0.058 0.000000
0.008 0.016393
0.5 0.000000
0.5 0.000000
0.5 0.650000
0.5 0.016949
0.5 0.967213
0.5 0.000000
0.5 0.000000
0.5 0.000000
0.267 0.885246
0.183 0.983607
0.5 1.000000
0.5 0.000000
0.5 0.392857
0.5 0.000000
0.5 0.000000
0.5 0.000000
0.5 0.016393
0.492 0.918033
0.483 0.983607
0.5 0.950820
0.5 0.000000
0.083 0.016393
0.102 0.000000
0.5 0.000000
0.5 1.000000
0.5 0.000000
0.5 0.852459
0.5 0.918033
0.5 0.000000
0.5 1.000000
0.0 0.000000
0.5 0.000000
0.5 0.918033
0.5 0.000000
0.317 1.000000
0.398 0.983333
0.5 0.000000
0.5 0.000000
0.5 0.983607
0.5 0.000000
0.383 0.852459
0.5 0.000000
0.5 0.000000
0.5 0.950820
0.5 1.000000
0.5 0.000000
0.5 0.967213
0.075 0.000000
0.5 0.000000
0.5 0.016393
0.5 0.000000
0.5 0.868852
0.025 0.000000
0.017 0.000000
0.5 0.000000
0.5 0.000000
0.05 0.016393
0.275 0.098361
0.5 0.000000
0.5 0.032787
0.421 1.000000
0.5 0.000000
0.5 0.000000
0.5 1.000000
0.5 1.000000
0.058 0.000000
0.5 0.000000
0.133 0.983607
0.5 0.868852
0.5 0.000000
0.5 0.000000
0.377 0.862069
0.5 0.000000
0.5 0.000000
0.5 0.789474
0.317 0.967213
0.5 0.000000
0.5 0.868852
0.5 1.000000
0.392 0.967213
0.0 0.000000
0.5 0.000000
0.5 0.000000
0.5 0.000000
0.5 0.000000
0.5 0.016393
0.5 0.000000
0.5 0.950820
0.5 0.000000
0.5 0.883333
0.425 1.000000
0.5 0.000000
0.483 0.967213
0.5 0.000000
0.5 0.966102
0.5 0.000000
0.5 0.877193
0.217 0.918033
0.5 0.000000
0.067 0.016393
0.5 0.983607
0.5 0.915254
0.2 0.967213
0.5 0.000000
0.5 0.000000
0.5 0.000000
0.325 1.000000
0.5 0.000000
0.121 0.000000
0.5 0.000000
0.0 0.000000
0.5 0.933333
0.5 0.000000
0.5 0.000000
0.0 0.000000
0.5 0.000000
0.5 0.000000
0.5 0.983333
0.5 0.934426
0.117 0.016393
0.5 0.000000
0.5 0.881356
0.5 0.766667
0.133 0.032787
0.228 0.949153
0.5 1.000000
0.5 0.000000
0.475 1.000000
0.5 0.934426
0.5 0.000000
0.5 0.000000
0.5 0.901639
0.5 0.000000
0.5 1.000000
0.5 0.816667
0.5 0.000000
0.5 0.000000
0.5 0.000000
0.5 0.918033
0.058 0.000000
0.302 0.881356
0.5 0.000000
0.5 0.000000
0.5 0.967213
0.5 0.000000
0.264 0.054545
0.25 0.983607
0.211 0.721311
0.5 0.944444
0.5 0.933333
0.292 0.901639
0.2 0.983607
0.5 0.950820
0.5 0.000000
0.5 0.948276
0.5 1.000000
0.5 0.964912
0.5 0.000000
0.5 0.915254
0.5 0.000000
0.5 0.050000
0.5 0.000000
0.0 0.000000
0.5 0.049180
0.5 0.909091
0.5 0.983051
0.5 0.983607
0.033 0.983607
0.417 1.000000
0.5 0.929825
0.325 1.000000
0.5 0.950820
0.5 0.912281
0.5 0.016949
0.5 0.000000
0.5 0.035088
0.5 0.000000
0.5 0.967213
0.5 0.000000
0.0 0.000000
0.5 0.983607
0.5 0.000000
0.5 0.000000
0.5 0.000000
0.5 0.983051
0.192 1.000000
0.5 0.950820
0.5 0.034483
0.5 0.032787
0.466 1.000000
0.5 0.000000
0.5 0.983051
0.2 0.032787
0.5 0.934426
0.5 0.000000
0.5 0.065574
0.5 0.983607
0.5 0.000000
0.5 0.000000
0.5 0.000000
0.5 0.950820
0.5 0.901639
0.367 1.000000
0.5 0.000000
0.5 0.000000
0.108 0.000000
0.5 1.000000
0.5 0.016393
0.5 0.000000
0.175 0.967213
0.5 0.867925
0.5 0.950820
0.5 0.016393
0.5 1.000000
0.0 0.000000
0.342 1.000000
0.5 0.000000
0.5 0.983607
0.5 0.000000
0.5 1.000000
0.5 1.000000
0.5 1.000000
0.379 1.000000
0.117 0.000000
0.5 1.000000
0.5 0.950820
0.051 0.000000
0.339 1.000000
0.5 0.000000
0.275 0.983607
0.5 0.901639
0.5 0.065574
0.5 0.065574
0.441 1.000000
0.5 0.000000
0.5 0.000000
0.442 0.967213
0.5 0.982759
0.5 0.000000
0.458 1.000000
0.5 0.000000
0.5 0.000000
0.5 0.000000
0.5 0.934426
0.5 0.929825
0.492 1.000000
0.5 0.982456
0.275 0.049180
0.5 0.000000
0.5 1.000000
0.5 0.000000
0.286 0.947368
0.5 0.000000
0.5 0.000000
0.5 0.966102
0.5 0.898305
0.5 0.000000
0.5 0.000000
0.5 0.918033
0.5 0.000000
0.5 0.819672
0.5 0.000000
0.347 1.000000
0.5 0.931034
0.364 0.783333
0.5 0.017241
0.5 0.934426
0.5 0.000000
0.05 0.000000
0.5 0.000000
0.5 0.000000
0.5 0.000000
0.5 0.000000
0.5 0.983333
0.5 0.000000
0.5 1.000000
0.5 0.950820
0.5 0.000000
0.5 1.000000
0.5 0.000000
0.5 0.918033
0.5 0.016667
0.192 0.032787
0.008 0.000000
0.011 0.000000
0.5 0.000000
0.5 0.000000
0.5 0.900000
0.5 0.000000
0.5 0.000000
0.5 0.000000
0.5 0.000000
0.5 0.016393
0.5 0.901639
0.5 0.000000
0.5 0.950820
0.5 0.000000
0.5 0.000000
0.5 0.000000
0.5 0.016667
0.2 0.950820
0.5 0.983607
0.375 0.983607
0.5 0.000000
0.5 0.016393
0.5 0.016393
0.5 0.918033
0.5 0.000000
0.5 0.016393
0.5 0.000000
0.5 0.000000
0.5 0.950820
0.5 0.000000
0.5 0.000000
0.5 0.018868
0.5 0.016949
0.0 0.000000
0.0 0.000000
0.5 0.000000
0.5 1.000000
0.5 0.789474
0.5 0.868852
0.5 0.034483
0.5 0.967213
0.5 0.000000
0.5 0.872727
0.5 0.000000
0.192 0.983607
0.142 0.016393
0.5 0.950820
0.142 0.983607
0.417 1.000000
0.5 0.000000
0.5 0.949153
0.5 0.000000
0.5 1.000000
0.144 0.000000
0.5 0.000000
0.025 0.000000
0.5 0.000000
0.5 0.000000
0.5 0.032787
0.5 0.000000
0.5 0.000000
0.5 0.918033
0.5 0.000000
0.5 0.000000
0.5 0.000000
0.5 0.000000
0.5 0.000000
0.5 0.983607
0.225 0.934426
0.5 0.000000
0.5 0.918033
0.5 0.566667
0.5 0.000000
0.5 0.918033
0.5 0.000000
0.5 1.000000
0.5 0.033333
0.5 0.000000
0.5 0.000000
0.5 0.868852
0.094 0.000000
0.5 0.885246
0.5 1.000000
0.5 0.000000
0.5 0.000000
0.5 0.161290
0.5 0.000000
0.5 0.967213
0.5 0.000000
0.5 0.000000
0.5 0.000000
0.5 0.000000
0.5 0.966102
0.5 0.967213
0.0 0.000000
0.5 0.050000
0.5 0.000000
0.5 0.000000
0.336 0.762712
0.5 0.000000
0.5 0.967213
0.5 0.000000
0.5 0.901639
0.5 0.157895
0.5 0.000000
0.5 0.883333
0.5 0.000000
0.417 0.950000
0.5 1.000000
0.5 0.000000
0.5 0.000000
0.5 0.000000
0.263 0.982456
0.5 0.000000
0.5 0.000000
0.5 0.017544
0.5 0.000000
0.5 0.950820
0.5 0.000000
0.455 0.900000
0.5 0.065574
0.5 0.916667
0.5 0.000000
0.5 0.016393
0.5 0.000000
0.0 0.000000
0.5 0.034483
0.466 1.000000
0.067 0.000000
0.5 0.983607
0.5 0.016393
0.35 0.983607
0.5 1.000000
0.5 0.016393
0.17 0.933333
0.5 0.950820
0.5 0.000000
0.033 0.000000
0.5 0.000000
0.5 0.000000
0.5 0.983607
0.5 0.000000
0.5 0.000000
0.475 1.000000
0.5 0.000000
0.5 0.000000
0.5 0.000000
0.5 0.000000
0.28 0.883333
0.5 0.000000
0.5 0.000000
0.5 0.000000
0.0 0.000000
0.5 0.016393
0.5 0.000000
0.5 0.000000
0.5 0.000000
0.217 0.967213
0.5 0.000000
0.5 0.032787
0.225 1.000000
0.342 1.000000
0.5 0.000000
0.5 0.016393
0.5 0.000000
0.5 0.000000
0.5 0.967213
0.3 0.901639
0.5 0.000000
0.5 0.000000
0.5 0.803279
0.5 0.000000
0.5 0.885246
0.325 0.967213
0.5 0.983607
0.017 0.000000
0.5 0.032787
0.5 0.000000
0.5 1.000000
0.5 0.950820
0.5 0.049180
0.5 0.000000
0.5 0.000000
0.5 0.081967
0.5 0.000000
0.5 0.000000
0.5 0.934426
0.5 0.000000
0.5 0.966667
0.35 1.000000
0.5 0.000000
0.5 0.983607
0.5 0.032787
0.5 0.035088
0.5 0.000000
0.5 0.000000
0.319 0.966102
0.5 0.967213
0.5 0.000000
0.5 0.950820
0.5 0.950820
0.5 0.000000
0.5 0.000000
0.5 1.000000
0.5 0.000000
0.5 0.000000
0.5 0.000000
0.391 1.000000
0.5 1.000000
0.5 1.000000
0.5 0.000000
0.28 0.950000
0.5 0.918033
0.5 1.000000
0.0 0.000000
0.5 0.950820
0.466 0.966102
0.5 0.032787
0.119 0.850000
0.5 0.016393
0.5 0.000000
0.5 0.983607
0.5 0.000000
0.5 0.000000
0.5 0.000000
0.5 0.966102
0.5 0.916667
0.5 0.000000
0.5 0.000000
0.5 1.000000
0.5 0.983051
0.5 0.000000
0.5 0.000000
0.5 0.000000
0.5 0.000000
0.108 0.016393
0.5 1.000000
0.5 0.016393
0.5 0.934426
0.5 0.016393
0.125 0.950820
0.208 0.901639
0.5 1.000000
0.5 0.000000
0.5 0.966667
0.5 0.087719
0.5 0.000000
0.5 0.901639
0.5 0.000000
0.5 0.000000
0.5 1.000000
0.5 0.000000
0.5 0.000000
0.5 0.000000
0.5 0.000000
0.5 0.000000
0.395 0.847458
0.242 0.081967
0.5 0.885246
0.267 0.950820
0.5 0.983607
0.5 0.983607
0.5 0.000000
0.5 0.000000
0.5 0.000000
0.5 0.000000
0.316 0.689655
0.392 1.000000
0.5 0.852459
0.5 0.016393
0.192 0.983607
0.5 0.918033
0.5 0.016393
0.5 0.017544
0.5 1.000000
0.5 0.016393
0.5 0.000000
0.5 0.000000
0.5 0.000000
0.5 0.000000
0.5 0.000000
0.5 1.000000
0.5 1.000000
0.5 0.000000
0.5 0.000000
0.5 0.950820
0.5 0.000000
0.371 0.915254
0.5 0.016393
0.5 1.000000
0.5 0.068966
0.5 0.960784
0.5 0.000000
0.5 0.000000
0.5 0.819672
0.5 0.000000
0.5 0.933333
0.5 0.000000
0.111 0.000000
0.5 0.000000
0.5 0.000000
0.5 0.983607
0.5 0.000000
0.5 0.000000
0.5 0.983607
0.5 0.000000
0.125 0.918033
0.5 0.750000
0.5 0.741379
0.5 1.000000
0.5 0.885246
0.5 0.983607
0.5 0.032787
0.217 0.967213
0.5 0.016393
0.5 0.950000
0.475 1.000000
0.433 0.950820
0.5 0.950000
0.0 0.000000
0.5 0.000000
0.5 0.000000
0.5 0.000000
0.5 0.949153
0.092 1.000000
0.5 0.967213
0.5 0.000000
0.15 0.967213
0.5 0.000000
0.5 0.018868
0.3 0.883333
0.042 0.000000
0.5 0.000000
0.5 0.000000
0.5 0.932203
0.5 0.033333
0.5 1.000000
0.5 1.000000
0.28 0.000000
0.5 0.000000
0.5 0.950820
0.5 0.854545
0.5 0.000000
0.5 0.836066
0.5 0.050847
0.5 0.864407
0.483 1.000000
0.5 0.901639
0.5 0.000000
0.05 0.000000
0.5 0.901639
0.5 0.033333
0.3 0.983607
0.5 0.933333
0.5 0.049180
0.475 1.000000
0.205 0.929825
0.5 0.000000
0.5 0.950820
0.0 0.000000
0.5 0.000000
0.5 0.966667
0.5 0.983333
0.5 0.000000
0.242 0.950820
0.5 0.934426
0.5 0.948276
0.5 0.000000
0.5 0.932203
0.4 0.983607
0.5 0.000000
0.5 0.066667
0.5 0.032787
0.158 0.000000
0.5 0.983051
0.5 0.016393
0.5 0.966102
0.288 0.066667
0.5 0.000000
0.5 0.016393
0.5 0.918033
0.5 0.000000
0.5 0.966102
0.5 1.000000
0.5 0.000000
0.5 0.000000
0.5 0.967213
0.0 0.000000
0.0 0.000000
0.5 1.000000
0.5 0.000000
0.5 0.967213
0.5 0.000000
0.5 0.081967
0.5 0.947368
0.5 1.000000
0.5 1.000000
0.5 0.901639
0.5 1.000000
0.008 0.000000
0.375 1.000000
0.5 0.000000
0.5 0.950820
0.392 1.000000
0.208 0.967213
0.5 0.000000
0.5 0.000000
0.5 0.000000
0.5 0.000000
0.364 0.879310
0.3 0.868852
0.5 0.000000
0.5 0.000000
0.5 0.000000
0.067 0.000000
0.0 0.000000
0.5 0.967213
0.5 0.000000
0.5 0.983333
0.5 0.016393
0.0 0.000000
0.5 0.933333
0.5 0.000000
0.5 0.000000
0.375 0.883333
0.5 0.000000
0.5 0.000000
0.5 0.983607
0.458 0.950820
0.5 0.000000
0.5 0.000000
0.5 0.965517
0.5 0.016393
0.482 0.894737
0.5 0.016393
0.125 0.016393
0.5 0.000000
0.5 0.983607
0.5 0.000000
0.067 0.000000
0.5 0.034483
0.033 0.000000
0.5 0.000000
0.5 0.000000
0.5 0.000000
0.5 0.901639
0.5 0.033333
0.5 0.000000
0.375 1.000000
0.5 1.000000
0.5 0.081967
0.051 0.017544
0.5 0.000000
0.5 0.098361
0.5 0.967213
0.5 0.862069
0.473 0.982143
0.5 0.934426
0.5 0.898305
0.5 0.016393
0.5 0.018519
0.5 0.000000
0.5 0.000000
0.5 0.933333
0.284 1.000000
0.5 0.000000
0.5 0.868852
0.5 0.000000
0.033 0.000000
0.5 1.000000
0.4 0.967213
0.5 0.000000
0.5 0.983607
0.008 0.000000
0.5 1.000000
0.5 0.000000
0.5 0.100000
0.467 0.983607
0.108 0.016393
0.017 0.000000
0.5 1.000000
0.5 0.000000
0.5 0.000000
0.5 0.000000
0.5 0.000000
0.5 0.016667
0.449 0.983051
0.5 0.032787
0.289 0.982759
0.5 1.000000
0.5 0.983607
0.5 0.000000
0.5 0.000000
0.5 0.033333
0.31 0.824561
0.5 1.000000
0.5 0.000000
0.5 0.000000
0.5 0.000000
0.5 0.049180
0.483 0.983607
0.5 0.983607
0.5 0.000000
0.425 0.888889
0.5 0.000000
0.5 1.000000
0.5 0.049180
0.357 1.000000
0.5 0.049180
0.5 0.000000
0.358 0.950000
0.5 0.901639
0.5 0.000000
0.5 1.000000
0.5 0.000000
0.042 0.000000
0.5 0.000000
0.5 0.000000
0.217 1.000000
0.167 0.949153
0.424 1.000000
0.5 0.000000
0.5 0.983607
0.042 0.000000
0.5 0.000000
0.5 0.000000
0.5 0.049180
0.5 0.983607
0.5 0.850000
0.5 0.034483
0.5 1.000000
0.5 0.982759
0.5 0.000000
0.5 1.000000
0.5 0.033333
0.133 0.016393
0.5 0.000000
0.5 0.000000
0.5 0.016949
0.425 1.000000
0.5 0.000000
0.5 0.000000
0.5 0.000000
0.117 0.000000
0.5 0.000000
0.5 0.000000
0.114 0.000000
0.5 0.000000
0.3 0.918033
0.5 1.000000
0.5 1.000000
0.333 1.000000
0.5 1.000000
0.5 0.901639
0.5 0.000000
0.439 0.966102
0.5 0.000000
0.5 0.016393
0.5 0.918033
0.5 0.000000
0.5 0.931034
0.5 0.032787
0.5 0.000000
0.5 0.036364
0.5 0.000000
0.5 0.000000
0.5 1.000000
0.0 0.000000
0.125 0.966667
0.5 1.000000
0.5 0.017544
0.192 0.000000
0.356 0.967213
0.5 1.000000
0.5 0.032787
0.5 1.000000
0.05 0.016393
0.5 0.000000
0.0 0.000000
0.5 0.000000
0.5 0.967213
0.5 0.967213
0.5 0.000000
0.333 0.868852
0.5 0.000000
0.5 0.017544
0.5 0.000000
0.0 0.000000
0.058 0.000000
0.5 0.000000
0.5 0.000000
0.325 0.983607
0.5 0.032787
0.5 0.000000
0.5 1.000000
0.5 0.879310
0.5 0.000000
0.0 0.000000
0.492 1.000000
0.409 1.000000
0.5 0.983607
0.237 0.916667
0.5 0.983607
0.5 0.000000
0.017 0.000000
0.272 0.964912
0.333 1.000000
0.5 0.966667
0.5 0.034483
0.5 0.966102
0.317 0.983607
0.5 0.033333
0.5 0.016949
0.5 0.000000
0.5 0.918033
0.0 0.000000
0.5 0.033898
0.5 0.932203
0.5 0.983607
0.5 0.000000
0.4 0.966667
0.5 1.000000
0.5 0.049180
0.183 0.967213
0.5 1.000000
0.5 0.000000
0.5 0.967213
0.5 0.000000
0.5 0.982456
0.125 0.066667
0.5 1.000000
0.125 0.000000
0.5 0.933333
0.407 1.000000
0.383 0.901639
0.5 0.000000
0.5 0.000000
0.5 0.032787
0.5 0.000000
0.5 0.032787
0.5 0.000000
0.5 0.983607
0.5 0.000000
0.492 1.000000
0.5 0.000000
0.5 1.000000
0.5 0.967213
0.5 1.000000
0.5 0.000000
0.367 0.868852
0.5 0.000000
0.5 0.934426
0.5 0.066667
0.408 1.000000
0.5 0.000000
0.5 1.000000
0.5 0.016393
0.5 0.949153
0.5 0.000000
0.5 0.000000
0.407 0.933333
0.033 0.016393
0.5 0.000000
0.5 0.934426
0.5 0.000000
0.5 0.933333
0.058 0.000000
0.5 0.016393
0.195 0.678571
0.5 1.000000
0.5 0.892857
0.333 0.868852
0.5 0.000000
0.192 0.967213
0.5 0.033898
0.5 1.000000
0.317 0.983607
0.5 0.000000
0.5 0.000000
0.5 1.000000
0.5 1.000000
0.5 0.983607
0.5 1.000000
0.5 0.032787
0.5 1.000000
0.5 0.912281
0.5 0.050000
0.008 0.000000
0.0 0.000000
0.233 0.932203
0.008 0.032787
0.5 0.000000
0.5 0.000000
0.5 0.016393
0.5 0.016393
0.5 0.000000
0.192 0.918033
0.273 0.894737
0.5 0.983607
0.5 0.967213
0.5 0.114754
0.5 1.000000
0.5 0.933333
0.5 0.960000
0.5 0.932203
0.314 0.133333
0.5 0.016393
0.5 0.000000
0.5 0.000000
0.4 1.000000
0.5 1.000000
0.5 0.000000
0.0 0.000000
0.033 0.000000
0.5 0.000000
0.5 0.032787
0.5 0.032787
0.5 0.000000
0.5 0.000000
0.5 0.836066
0.5 0.950820
0.5 0.000000
0.5 0.000000
0.5 0.000000
0.5 0.000000
0.5 1.000000
0.5 0.000000
0.5 0.909091
0.5 0.000000
0.5 0.000000
0.5 0.000000
0.5 0.950820
0.5 0.000000
0.5 0.966667
0.5 0.000000
0.5 0.000000
0.5 0.000000
0.5 0.000000
0.5 0.000000
0.4 0.983607
0.35 1.000000
0.5 0.000000
0.263 0.933333
0.5 0.000000
0.5 0.032787
0.042 0.000000
0.5 0.918033
0.008 0.033333
0.5 0.967213
0.5 0.000000
0.5 1.000000
0.5 1.000000
0.5 0.000000
0.5 0.950820
0.5 0.033898
0.5 0.918033
0.5 0.966667
0.5 0.000000
0.5 0.896552
0.217 0.066667
0.5 0.016949
0.5 0.933333
0.068 0.000000
0.5 0.000000
0.033 0.000000
0.5 0.016393
0.5 0.000000
0.5 0.950820
0.5 0.933333
0.5 1.000000
0.5 0.032787
0.5 0.000000
0.5 0.000000
0.5 0.900000
0.5 0.032787
0.008 0.000000
0.5 0.000000
0.5 0.000000
0.5 0.000000
0.5 0.033333
0.5 0.000000
0.5 0.868852
0.5 0.813559
0.5 0.967213
0.2 0.065574
0.083 1.000000
0.5 0.065574
0.5 1.000000
0.5 1.000000
0.5 1.000000
0.5 1.000000
0.5 0.000000
0.342 1.000000
0.5 0.000000
0.042 0.016667
0.5 0.933333
0.5 0.000000
0.012 0.000000
0.308 0.983607
0.483 1.000000
0.5 0.016393
0.5 0.000000
0.5 0.000000
0.5 0.918033
0.5 0.901639
0.0 0.000000
0.5 0.000000
0.5 0.000000
0.056 0.018519
0.133 0.870968
0.5 0.983051
0.5 0.918033
0.5 0.000000
0.267 0.836066
0.5 0.016393
0.367 1.000000
0.193 0.933333
0.034 0.000000
0.242 0.901639
0.5 0.000000
0.5 0.000000
0.5 1.000000
0.15 0.016393
0.5 1.000000
0.5 0.967213
0.5 0.000000
0.275 0.983607
0.5 0.000000
0.075 0.016667
0.5 0.000000
0.5 0.032787
0.15 0.967213
0.5 0.983607
0.5 0.000000
0.5 0.000000
0.5 0.950820
0.5 0.000000
0.5 0.983607
0.325 1.000000
0.5 1.000000
0.167 0.032787
0.447 1.000000
0.5 0.967213
0.5 1.000000
0.5 1.000000
0.071 0.000000
0.5 0.000000
0.5 0.000000
0.408 0.754098
0.275 0.967213
0.5 0.000000
0.5 0.000000
0.5 0.934426
0.5 0.983333
0.5 0.950820
0.5 0.000000
0.5 0.000000
0.5 0.000000
0.5 0.032787
0.5 0.000000
0.5 1.000000
0.5 0.918033
0.367 0.934426
0.5 0.033333
0.5 0.000000
0.5 0.983607
0.5 1.000000
0.5 1.000000
0.5 0.000000
0.5 0.000000
0.233 0.916667
0.042 0.000000
0.5 1.000000
0.5 0.000000
0.443 0.966667
0.5 0.901639
0.5 0.900000
0.5 0.065574
0.5 0.000000
0.5 0.000000
0.5 0.934426
0.475 1.000000
0.5 0.868852
0.042 0.000000
0.067 0.000000
0.5 0.000000
0.5 1.000000
0.5 0.983607
0.5 0.032787
0.5 0.033898
0.5 0.966667
0.0 0.000000
0.2 0.983607
0.5 0.016393
0.051 0.000000
0.5 0.000000
0.5 0.983607
0.5 0.901639
0.5 1.000000
0.5 0.000000
0.386 0.700000
0.133 1.000000
0.225 0.918033
0.5 0.000000
0.5 0.983607
0.5 0.885246
0.042 0.000000
0.5 0.000000
0.5 0.083333
0.375 1.000000
0.5 0.967213
0.5 0.000000
0.5 0.033333
0.5 0.000000
0.5 0.949153
0.5 0.000000
0.5 0.016393
0.256 0.096774
0.467 1.000000
0.5 0.000000
0.288 0.750000
0.117 0.016393
0.5 0.032787
0.5 0.000000
0.5 0.000000
0.392 0.836066
0.5 0.868852
0.233 0.950820
0.5 0.000000
0.5 1.000000
0.5 0.000000
0.5 0.000000
0.5 0.000000
0.5 0.034483
0.5 0.016393
0.0 0.000000
0.5 0.934426
0.5 0.000000
0.5 0.016393
0.5 0.918033
0.5 0.885246
0.5 0.016949
0.267 0.950820
0.5 0.000000
0.5 0.000000
0.5 0.000000
0.5 1.000000
0.5 1.000000
0.5 0.950820
0.5 0.000000
0.017 0.000000
0.237 0.692308
0.5 0.000000
0.381 0.950000
0.5 0.000000
0.5 0.967213
0.375 0.885246
0.5 0.918033
0.5 0.950820
0.5 0.000000
0.3 0.983607
0.5 0.000000
0.5 0.000000
0.5 0.779661
0.5 0.950820
0.5 0.016949
0.5 1.000000
0.5 0.000000
0.5 0.000000
0.5 0.852459
0.158 0.016393
0.5 0.016393
0.5 1.000000
0.5 0.000000
0.5 0.983607
0.5 0.032787
0.5 0.016949
0.5 1.000000
0.5 0.066667
0.5 0.983333
0.225 0.081967
0.5 0.000000
0.267 0.983607
0.5 1.000000
0.5 0.000000
0.5 0.983607
0.5 0.000000
0.5 0.000000
0.5 0.721311
0.5 1.000000
0.0 0.000000
0.5 0.000000
0.008 0.000000
0.175 1.000000
0.5 0.032787
0.5 0.000000
0.5 0.000000
0.5 0.000000
0.5 0.836066
0.5 0.883333
0.5 0.983051
0.5 0.000000
0.5 0.081967
0.5 0.000000
0.5 0.000000
0.5 0.000000
0.5 0.000000
0.5 0.000000
0.5 0.950820
0.5 0.016393
0.5 1.000000
0.5 1.000000
0.5 0.016393
0.042 0.016393
0.5 0.000000
0.5 0.967213
0.5 1.000000
0.0 0.000000
0.175 0.967213
0.5 1.000000
0.5 0.000000
0.392 0.918033
0.5 1.000000
0.5 0.950820
0.483 1.000000
0.283 1.000000
0.5 0.016667
0.5 0.049180
0.5 0.983607
0.5 1.000000
0.5 0.000000
0.5 0.000000
0.5 0.000000
0.5 0.000000
0.5 0.654545
0.5 0.000000
0.5 1.000000
0.375 0.843137
0.5 0.000000
0.358 1.000000
0.125 0.016393
0.056 0.000000
0.092 0.983607
0.5 0.017241
0.5 0.000000
0.5 0.967213
0.5 0.000000
0.242 0.967213
0.5 0.000000
0.5 0.016393
0.05 0.000000
0.5 0.000000
0.5 0.950000
0.5 0.000000
0.5 0.000000
0.5 0.000000
0.488 1.000000
0.161 0.966102
0.222 0.053571
0.5 0.050847
0.5 1.000000
0.0 0.000000
0.5 0.016949
0.5 0.000000
0.5 0.016393
0.059 0.000000
0.5 0.983607
0.5 0.883333
0.5 0.000000
0.367 1.000000
0.5 0.983607
0.5 0.800000
0.5 0.000000
0.5 0.000000
0.5 0.000000
0.5 0.868852
0.5 0.000000
0.5 0.901639
0.375 0.983607
0.5 0.017241
0.225 0.950000
0.5 0.000000
0.5 0.000000
0.22 0.830508
0.0 0.000000
0.5 0.950000
0.075 0.000000
0.5 0.966102
0.5 0.967213
0.5 0.034483
0.1 0.032787
0.058 0.000000
0.408 0.967213
0.092 0.852459
0.5 1.000000
0.5 1.000000
0.271 0.933333
0.5 1.000000
0.375 0.950000
0.242 0.918033
0.5 0.967213
0.5 0.037037
0.5 1.000000
0.5 1.000000
0.5 0.000000
0.5 1.000000
0.5 0.000000
0.25 0.950820
0.208 0.950820
0.464 0.982456
0.5 0.000000
0.075 0.000000
0.5 0.950820
0.408 1.000000
0.5 0.000000
0.5 0.016393
0.5 0.050847
0.5 0.000000
0.5 0.950820
0.5 0.016393
0.5 0.000000
0.5 0.000000
0.5 0.000000
0.018 0.000000
0.058 0.016393
0.483 0.885246
0.5 0.983607
0.5 0.000000
0.5 0.032787
0.5 0.000000
0.5 0.000000
0.208 0.950820
0.0 0.000000
0.5 0.000000
0.208 0.050000
0.008 0.032787
0.5 0.000000
0.5 0.000000
0.5 0.983607
0.5 1.000000
0.5 0.868852
0.5 0.000000
0.5 0.836066
0.0 0.000000
0.5 0.934426
0.1 0.016393
0.5 0.000000
0.5 0.000000
0.129 0.881356
0.5 0.018182
0.5 0.016393
0.034 0.000000
0.452 0.796296
0.5 0.000000
0.233 1.000000
0.5 0.000000
0.5 0.000000
0.5 0.000000
0.5 0.000000
0.5 0.000000
0.5 0.000000
0.5 0.000000
0.5 0.901639
0.5 0.000000
0.5 1.000000
0.5 0.967213
0.5 0.950000
0.5 0.934426
0.5 0.000000
0.5 0.049180
0.5 0.934426
0.5 0.000000
0.4 0.866667
0.5 0.000000
0.105 0.000000
0.5 0.016393
0.5 0.000000
0.5 0.000000
0.5 0.000000
0.5 0.000000
0.5 1.000000
0.417 0.966667
0.5 0.000000
0.0 0.000000
0.5 0.000000
0.5 0.967213
0.5 0.933333
0.492 0.983607
0.5 0.000000
0.5 0.000000
0.5 0.000000
0.5 0.000000
0.5 0.016949
0.5 0.049180
0.5 0.016393
0.5 0.000000
0.5 0.016393
0.5 0.000000
0.5 0.854545
0.15 0.032787
0.5 1.000000
0.5 0.862069
0.5 0.016949
0.5 0.000000
0.483 0.803279
0.5 0.967213
0.5 0.000000
0.5 1.000000
0.5 0.000000
0.5 1.000000
0.425 1.000000
0.5 0.949153
0.117 0.016393
0.5 0.000000
0.5 0.950820
0.5 0.900000
0.5 0.000000
0.5 1.000000
0.5 0.000000
0.5 0.000000
0.5 0.000000
0.333 0.983607
0.5 0.000000
0.5 0.868852
0.5 0.000000
0.3 1.000000
0.5 0.000000
0.5 0.000000
0.5 0.033898
0.481 0.843137
0.5 1.000000
0.5 1.000000
0.5 0.000000
0.5 0.983607
0.5 0.000000
0.5 0.083333
0.5 0.098361
0.5 0.016393
0.39 0.716667
0.108 0.983607
0.5 0.033333
0.161 0.916667
0.433 0.950820
0.5 0.551724
0.5 1.000000
0.5 0.868852
0.125 0.016393
0.033 0.000000
0.5 0.000000
0.5 0.000000
0.5 0.000000
0.5 0.745763
0.083 0.000000
0.5 0.000000
0.267 0.967213
0.5 0.000000
0.15 1.000000
0.3 0.950820
0.5 0.885246
0.5 0.967213
0.5 0.000000
0.5 0.945455
0.5 0.900000
0.5 0.000000
0.5 1.000000
0.5 0.000000
0.5 0.000000
0.5 0.916667
0.5 0.000000
0.3 0.967213
0.5 1.000000
0.5 0.000000
0.5 0.000000
0.5 0.966102
0.025 0.081967
0.5 1.000000
0.5 0.000000
0.366 0.642857
0.5 0.000000
0.5 0.000000
0.008 0.000000
0.5 0.000000
0.5 0.983607
0.492 1.000000
0.5 0.000000
0.5 0.000000
0.5 0.000000
0.5 0.000000
0.0 0.000000
0.292 1.000000
0.5 1.000000
0.0 0.000000
0.483 0.966667
0.5 0.016667
0.5 0.000000
0.5 0.016393
0.5 0.967213
0.5 1.000000
0.5 0.000000
0.5 1.000000
0.5 0.000000
0.5 0.000000
0.5 0.885246
0.5 0.000000
0.5 0.916667
0.5 0.000000
0.2 1.000000
0.067 0.016393
0.5 0.000000
0.5 0.000000
0.083 0.016393
0.5 1.000000
0.5 1.000000
0.466 1.000000
0.0 0.000000
0.5 0.033333
0.5 0.000000
0.158 0.049180
0.0 0.000000
0.117 0.983607
0.5 0.000000
0.5 0.913793
0.027 0.000000
0.5 0.016393
0.5 0.000000
0.5 0.766667
0.5 1.000000
0.35 0.967213
0.5 0.000000
0.5 0.000000
0.5 0.000000
0.5 0.918033
0.5 0.000000
0.267 0.918033
0.5 1.000000
0.5 0.000000
0.5 0.966667
0.5 0.032787
0.5 0.000000
0.5 0.967213
0.5 1.000000
0.5 0.000000
0.5 0.000000
0.5 0.000000
0.5 0.000000
0.5 0.000000
0.5 0.000000
0.059 0.016667
0.5 0.000000
0.5 0.000000
0.5 0.032787
0.5 0.000000
0.5 0.000000
0.5 0.000000
0.108 0.033333
0.5 0.000000
0.5 0.000000
0.208 0.934426
0.5 0.000000
0.5 0.000000
0.5 0.000000
0.5 0.000000
0.5 0.000000
0.5 1.000000
0.5 0.983607
0.5 0.032787
0.5 1.000000
0.0 0.000000
0.5 0.000000
0.0 0.000000
0.5 0.000000
0.5 0.966667
0.5 0.000000
0.025 0.000000
0.5 0.032787
0.5 0.000000
0.5 0.000000
0.5 0.016393
0.008 0.000000
0.5 0.000000
0.5 1.000000
0.5 0.983607
0.5 0.935484
0.5 0.898305
0.5 0.847458
0.5 0.000000
0.5 0.000000
0.5 0.950820
0.5 0.065574
0.114 0.067797
0.175 0.049180
0.5 0.000000
0.5 0.912281
0.0 0.000000
0.492 1.000000
0.317 1.000000
0.15 0.016393
0.5 0.000000
0.5 0.033333
0.133 0.983607
0.0 0.000000
0.5 1.000000
0.417 0.983607
0.5 0.032787
0.3 0.868852
0.5 0.883333
0.212 0.083333
0.5 0.967213
0.5 0.916667
0.5 0.016393
0.5 0.000000
0.5 0.950000
0.0 0.000000
0.5 0.000000
0.5 1.000000
0.5 0.000000
0.5 0.016393
0.5 0.916667
0.5 0.000000
0.5 0.000000
0.5 0.017241
0.5 0.017544
0.5 0.000000
0.5 0.000000
0.5 0.000000
0.263 0.932203
0.242 1.000000
0.5 0.000000
0.5 0.016393
0.5 0.000000
0.5 0.000000
0.5 0.000000
0.5 0.900000
0.5 0.065574
0.5 0.017241
0.267 0.967213
0.5 1.000000
0.5 0.000000
0.5 0.016393
0.5 0.000000
0.5 0.000000
0.5 1.000000
0.5 0.032787
0.492 1.000000
0.5 0.065574
0.158 0.934426
0.5 0.949153
0.5 0.000000
0.083 0.000000
0.5 0.000000
0.033 0.000000
0.4 1.000000
0.5 0.928571
0.5 0.885246
0.5 0.000000
0.339 0.983333
0.5 0.000000
0.5 0.000000
0.5 0.000000
0.5 0.983607
0.5 0.000000
0.5 0.016393
0.5 0.000000
0.318 0.964912
0.5 0.000000
0.5 0.016393
0.5 0.950820
0.5 0.901639
0.283 0.966667
0.5 0.000000
0.5 0.949153
0.5 0.000000
0.5 0.016393
0.267 0.967213
0.5 0.000000
0.033 0.016393
0.5 0.745763
0.5 0.967213
0.0 0.000000
0.5 0.000000
0.5 0.000000
0.5 0.033333
0.5 0.000000
0.353 0.913793
0.339 1.000000
0.5 1.000000
0.5 0.983051
0.5 0.000000
0.5 0.983607
0.178 0.066667
0.5 0.000000
0.5 0.918033
0.5 0.000000
0.5 0.016667
0.5 0.000000
0.5 0.678571
0.358 1.000000
0.458 0.900000
0.242 1.000000
0.5 0.819672
0.117 0.770492
0.142 0.983333
0.5 0.983051
0.083 0.000000
0.5 0.000000
0.5 0.000000
0.25 0.967213
0.5 0.000000
0.5 0.900000
0.5 1.000000
0.5 0.033898
0.5 1.000000
0.467 1.000000
0.5 0.000000
0.5 0.000000
0.395 0.964286
0.5 0.000000
0.5 0.000000
0.5 0.868852
0.5 0.032787
0.5 0.918033
0.267 0.918033
0.5 0.000000
0.5 0.918033
0.5 0.000000
0.5 0.000000
0.308 1.000000
0.5 1.000000
0.383 1.000000
0.5 0.901639
0.5 0.000000
0.5 0.000000
0.075 0.000000
0.5 0.000000
0.5 0.000000
0.5 0.032787
0.5 0.000000
0.5 0.000000
0.5 0.000000
0.033 0.000000
0.138 0.966102
0.425 0.967213
0.5 0.000000
0.5 0.081967
0.5 0.000000
0.5 0.000000
0.5 0.016949
0.167 0.836066
0.5 0.836066
0.0 0.000000
0.5 0.000000
0.5 0.016393
0.5 0.000000
0.5 0.000000
0.15 0.934426
0.442 1.000000
0.5 0.032787
0.175 0.967213
0.5 0.000000
0.5 0.803571
0.5 0.000000
0.5 0.967213
0.5 0.000000
0.5 0.000000
0.5 0.000000
0.5 0.066667
0.275 0.901639
0.5 0.000000
0.272 0.983051
0.5 0.000000
0.408 1.000000
0.5 0.000000
0.5 0.016393
0.5 0.000000
0.5 0.000000
0.008 0.000000
0.167 0.016393
0.5 0.000000
0.5 0.000000
0.5 0.032787
0.5 0.000000
0.0 0.000000
0.5 0.033333
0.5 0.901639
0.5 0.950000
0.5 0.000000
0.5 1.000000
0.308 1.000000
0.358 1.000000
0.5 0.016393
0.5 0.000000
0.5 0.016393
0.5 0.016393
0.225 0.983607
0.5 0.000000
0.5 0.000000
0.125 0.000000
0.108 0.000000
0.5 0.016393
0.5 0.819672
0.375 1.000000
0.5 0.000000
0.0 0.000000
0.5 0.983607
0.5 0.000000
0.5 0.000000
0.5 1.000000
0.5 0.050847
0.5 0.000000
0.5 0.016393
0.358 1.000000
0.5 0.000000
0.5 0.000000
0.5 0.032787
0.3 1.000000
0.5 0.016393
0.275 0.885246
0.5 0.016667
0.103 0.000000
0.45 1.000000
0.5 0.793103
0.5 0.000000
0.092 0.000000
0.0 0.000000
0.5 0.918033
0.5 0.016393
0.5 0.000000
0.5 0.966667
0.5 0.000000
0.5 1.000000
0.5 0.000000
0.5 0.983607
0.5 0.966667
0.5 0.000000
0.5 0.000000
0.5 0.000000
0.5 0.000000
0.5 0.948276
0.5 0.000000
0.258 1.000000
0.175 0.967213
0.5 0.000000
0.108 0.983607
0.5 0.877193
0.5 1.000000
0.367 0.868852
0.0 0.000000
0.0 0.000000
0.5 0.918033
0.5 0.967213
0.5 0.540984
0.5 0.033898
0.5 0.032787
0.35 0.918033
0.5 0.000000
0.5 0.000000
0.5 0.016393
0.0 0.000000
0.5 0.016949
0.5 0.000000
0.175 0.050000
0.5 0.614035
0.117 0.000000
0.5 0.836066
0.5 0.000000
0.5 0.016393
0.5 1.000000
0.5 0.000000
0.458 0.733333
0.5 0.983607
0.5 0.000000
0.5 0.033333
0.0 0.000000
0.5 0.016393
0.5 0.034483
0.5 0.934426
0.5 0.566667
0.5 0.000000
0.051 0.000000
0.5 0.934426
0.188 0.017544
0.5 0.065574
0.333 0.894737
0.5 0.000000
0.5 0.000000
0.5 0.847458
0.5 0.901639
0.5 0.000000
0.5 0.000000
0.5 0.000000
0.5 0.885246
0.349 0.793103
0.5 0.983607
0.5 0.933333
0.5 0.016393
0.085 0.033898
0.5 0.000000
0.458 0.983607
0.5 0.836066
0.5 1.000000
0.5 0.934426
0.5 1.000000
0.305 0.916667
0.298 0.842105
0.5 0.000000
0.5 0.016667
0.5 0.000000
0.5 0.000000
0.5 0.000000
0.5 0.016667
0.5 0.000000
0.483 0.967213
0.5 0.016393
0.5 0.000000
0.127 0.983333
0.0 0.000000
0.5 0.000000
0.5 0.000000
0.5 0.000000
0.458 0.949153
0.5 0.000000
0.367 0.901639
0.5 0.000000
0.5 0.016393
0.5 0.000000
0.5 0.000000
0.5 0.916667
0.5 0.967213
0.5 0.967213
0.5 0.000000
0.5 0.000000
0.5 0.950820
0.458 1.000000
0.5 0.983051
0.5 0.000000
0.5 0.830508
0.5 0.000000
0.5 0.000000
0.5 0.016393
0.133 0.000000
0.133 0.983607
0.446 0.520000
0.5 0.000000
0.5 0.000000
0.22 0.714286
0.5 0.000000
0.5 0.114754
0.5 0.065574
0.5 0.950820
0.5 0.983333
0.5 0.934426
0.477 0.758621
0.305 0.983333
0.5 0.016393
0.19 0.050847
0.5 0.000000
0.5 0.000000
0.5 0.000000
0.5 1.000000
0.5 0.032787
0.5 0.000000
0.058 0.000000
0.5 0.032787
0.5 1.000000
0.5 0.000000
0.5 0.000000
0.5 0.950820
0.5 0.000000
0.5 0.033898
0.25 0.083333
0.5 0.000000
0.5 0.918033
0.5 0.000000
0.5 0.983333
0.5 0.000000
0.5 0.000000
0.153 0.000000
0.5 0.000000
0.5 0.950820
0.5 0.868852
0.5 0.950820
0.5 0.000000
0.5 0.967213
0.058 0.000000
0.225 1.000000
0.5 0.000000
0.5 0.934426
0.5 0.000000
0.5 0.967213
0.5 1.000000
0.5 0.000000
0.5 0.000000
0.5 0.859649
0.158 0.983607
0.125 0.016393
0.13 0.750000
0.5 0.983051
0.458 1.000000
0.5 0.016393
0.483 1.000000
0.5 0.000000
0.5 0.885246
0.5 0.932203
0.5 0.711538
0.4 0.967213
0.5 0.000000
0.5 0.983607
0.5 0.000000
0.36 0.827586
0.5 0.000000
0.408 0.983333
0.5 0.950820
0.5 0.000000
0.017 0.000000
0.5 0.967213
0.25 0.918033
0.5 0.000000
0.5 0.800000
0.5 0.016393
0.342 0.868852
0.0 0.000000
0.158 0.032787
0.5 0.983607
0.458 0.983607
0.0 0.000000
0.314 0.586207
0.5 0.933333
0.184 0.915254
0.5 0.000000
0.5 0.000000
0.5 0.049180
0.5 0.000000
0.5 1.000000
0.5 0.983607
0.342 1.000000
0.5 0.000000
0.5 0.016393
0.5 0.000000
0.5 0.000000
0.5 0.000000
0.383 1.000000
0.5 0.762712
0.5 0.000000
0.5 0.934426
0.342 0.852459
0.033 0.000000
0.492 0.983607
0.5 0.967213
0.375 1.000000
0.5 0.016393
0.5 0.000000
0.5 0.066667
0.5 0.016393
0.5 1.000000
0.5 0.016667
0.5 0.949153
0.5 0.000000
0.5 0.000000
0.5 0.000000
0.5 0.034483
0.5 0.901639
0.5 0.033333
0.5 0.934426
0.5 0.573770
0.5 0.836735
0.5 0.000000
0.5 0.000000
0.5 0.901639
0.5 0.000000
0.067 0.000000
0.5 0.950820
0.0 0.000000
0.5 1.000000
0.5 0.000000
0.5 1.000000
0.034 0.000000
0.5 0.000000
0.5 0.000000
0.5 0.000000
0.0 0.000000
0.492 1.000000
0.467 0.967213
0.5 0.966667
0.367 1.000000
0.5 0.000000
0.5 0.983607
0.208 0.000000
0.5 1.000000
0.5 0.000000
0.142 0.032787
0.5 0.016393
0.208 0.934426
0.5 0.983333
0.5 0.967213
0.5 0.965517
0.5 1.000000
0.5 0.000000
0.25 0.950820
0.5 1.000000
0.5 0.000000
0.5 0.000000
0.167 0.967213
0.5 0.016393
0.5 0.933333
0.5 0.929825
0.5 0.000000
0.5 0.000000
0.5 0.000000
0.5 0.983333
0.067 0.000000
0.375 1.000000
0.5 0.966667
0.5 0.000000
0.096 0.035088
0.161 1.000000
0.5 0.016667
0.5 0.000000
0.409 0.766667
0.5 0.000000
0.5 1.000000
0.5 0.983607
0.5 0.000000
0.5 0.000000
0.15 0.032787
0.5 0.000000
0.5 0.033333
0.342 1.000000
0.5 0.000000
0.5 0.000000
0.5 0.950820
0.5 0.000000
0.5 0.000000
0.5 0.000000
0.5 0.950820
0.5 0.967213
0.5 0.000000
0.5 0.903226
0.5 1.000000
0.5 0.830508
0.5 0.000000
0.0 0.000000
0.5 0.950820
0.5 0.901639
0.45 0.983607
0.5 1.000000
0.058 0.000000
0.5 0.035088
0.058 0.000000
0.105 1.000000
0.067 0.000000
0.5 1.000000
0.5 0.934426
0.5 0.967213
0.5 0.000000
0.5 0.016393
0.5 0.983607
0.5 0.967213
0.5 0.016949
0.5 0.000000
0.5 0.000000
0.5 1.000000
0.217 0.967213
0.5 0.793103
0.5 0.000000
0.5 1.000000
0.5 0.000000
0.5 0.000000
0.5 0.000000
0.1 0.000000
0.5 1.000000
0.5 0.000000
0.5 1.000000
0.5 0.000000
0.5 0.000000
0.5 0.000000
0.042 0.000000
0.275 1.000000
0.375 1.000000
0.208 1.000000
0.5 0.032787
0.5 0.000000
0.5 0.000000
0.5 0.967213
0.5 0.000000
0.283 0.934426
0.314 0.850000
0.1 0.000000
0.5 1.000000
0.5 0.000000
0.5 0.068966
0.5 0.000000
0.5 0.916667
0.415 0.933333
0.5 0.965517
0.5 0.000000
0.5 0.983607
0.5 0.000000
0.012 0.000000
0.5 0.000000
0.5 0.000000
0.5 0.147541
0.5 0.967213
0.275 0.883333
0.5 0.016393
0.5 0.000000
0.5 0.000000
0.5 1.000000
0.5 0.966667
0.5 0.983607
0.275 0.983333
0.5 1.000000
0.5 0.032787
0.5 0.033333
0.208 0.049180
0.5 0.000000
0.5 0.081967
0.5 0.000000
0.5 0.000000
0.5 0.918033
0.5 0.000000
0.5 0.033333
0.5 0.000000
0.5 0.000000
0.5 0.000000
0.5 0.000000
0.5 0.000000
0.5 0.967213
0.5 0.000000
0.5 0.000000
0.033 0.000000
0.358 0.967213
0.442 1.000000
0.183 0.983607
0.5 0.000000
0.192 0.967213
0.5 0.049180
0.5 0.000000
0.5 0.934426
0.5 0.016393
0.5 0.000000
0.5 0.950820
0.0 0.000000
0.5 0.983607
0.5 0.983607
0.5 0.000000
0.5 0.866667
0.5 1.000000
0.5 1.000000
0.5 0.983607
0.5 0.000000
0.5 0.000000
0.5 0.000000
0.5 0.000000
0.5 0.000000
0.5 0.114754
0.5 0.000000
0.5 0.000000
0.5 0.000000
0.5 0.850000
0.5 0.000000
0.5 0.000000
0.375 1.000000
0.5 0.000000
0.5 0.000000
0.5 0.916667
0.5 0.000000
0.008 0.032787
0.5 0.786885
0.5 1.000000
0.5 0.000000
0.5 0.000000
0.008 0.000000
0.5 0.016393
0.5 0.000000
0.5 0.950820
0.5 1.000000
0.5 0.950820
0.5 0.000000
0.5 0.000000
0.5 0.918033
0.3 0.868852
0.342 0.918033
0.5 0.000000
0.35 0.950820
0.336 1.000000
0.292 0.950820
0.5 0.081967
0.371 0.864407
0.5 0.000000
0.5 0.000000
0.5 0.950820
0.092 0.983607
0.119 0.966667
0.5 0.000000
0.5 0.000000
0.5 0.983607
0.5 0.067797
0.5 0.032787
0.5 0.929825
0.241 0.084746
0.5 0.934426
0.5 0.066667
0.5 0.032787
0.5 0.000000
0.5 0.983607
0.5 0.950820
0.5 0.000000
0.283 0.868852
0.5 0.000000
0.5 0.033333
0.5 0.967213
0.35 1.000000
0.5 0.000000
0.5 0.000000
0.5 0.950000
0.5 0.000000
0.5 0.733333
0.5 0.000000
0.05 0.000000
0.5 0.862069
0.5 0.101695
0.5 0.950820
0.35 0.967213
0.5 0.000000
0.5 0.983607
0.058 0.000000
0.181 0.966102
0.5 0.000000
0.5 0.000000
0.5 0.032787
0.093 0.000000
0.5 0.000000
0.233 0.918033
0.233 1.000000
0.5 0.000000
0.5 0.000000
0.5 0.950000
0.5 0.983333
0.5 0.949153
0.283 0.050000
0.5 0.000000
0.5 0.901639
0.5 0.000000
0.5 0.000000
0.092 0.000000
0.417 0.819672
0.102 0.000000
0.5 0.000000
0.342 0.950000
0.5 1.000000
0.5 0.000000
0.5 0.016393
0.5 0.032787
0.5 0.716667
0.5 0.983607
0.5 0.000000
0.5 0.900000
0.5 1.000000
0.023 0.000000
0.5 0.816667
0.458 0.950820
0.017 0.049180
0.5 0.000000
0.5 0.819672
0.457 0.810345
0.5 0.000000
0.5 0.918033
0.5 0.000000
0.058 0.016393
0.1 0.000000
0.483 1.000000
0.5 0.000000
0.047 0.000000
0.5 0.000000
0.5 0.000000
0.083 0.016393
0.5 0.016393
0.233 0.583333
0.233 0.000000
0.5 0.000000
0.5 0.983333
0.5 1.000000
0.5 0.000000
0.5 0.000000
0.0 0.000000
0.0 0.000000
0.5 0.036364
0.5 0.852459
0.5 0.000000
0.5 0.934426
0.133 0.016393
0.392 1.000000
0.5 0.000000
0.5 0.000000
0.0 0.000000
0.5 0.000000
0.5 0.049180
0.5 0.000000
0.5 0.084746
0.5 0.033898
0.5 0.000000
0.5 0.000000
0.5 0.000000
0.5 1.000000
0.5 0.000000
0.059 0.000000
0.5 0.000000
0.5 0.847458
0.5 0.983607
0.5 0.000000
0.5 0.000000
0.5 0.067797
0.5 0.000000
0.5 0.983333
0.5 0.927273
0.5 0.000000
0.491 0.905660
0.092 0.032787
0.5 0.983051
0.5 0.967213
0.5 0.934426
0.5 0.000000
0.5 0.000000
0.5 0.819672
0.275 0.967213
0.317 0.900000
0.283 0.934426
0.5 0.966102
0.0 0.000000
0.5 0.000000
0.5 0.000000
0.5 0.000000
0.292 0.983607
0.5 0.000000
0.5 1.000000
0.5 0.000000
0.5 0.965517
0.325 0.813559
0.5 0.000000
0.5 0.983607
0.5 0.000000
0.5 0.000000
0.5 1.000000
0.5 1.000000
0.5 1.000000
0.5 0.016393
0.239 0.933333
0.0 0.000000
0.5 0.868852
0.068 0.000000
0.25 0.910714
0.5 0.807018
0.5 0.000000
0.275 0.934426
0.425 0.916667
0.342 0.836066
0.042 0.000000
0.5 0.032787
0.5 0.000000
0.5 0.881356
0.39 0.783333
0.267 0.918033
0.5 0.000000
0.5 0.950000
0.5 0.016393
0.5 0.066667
0.5 0.967213
0.5 0.017544
0.5 0.934426
0.5 0.016393
0.042 0.000000
0.5 0.000000
0.5 0.016393
0.0 0.000000
0.5 0.000000
0.093 0.016667
0.283 0.967213
0.5 0.000000
0.5 0.967213
0.242 0.885246
0.5 1.000000
0.5 1.000000
0.5 1.000000
0.5 0.868852
0.5 0.000000
0.5 0.000000
0.5 0.737705
0.153 0.033333
0.5 0.016667
0.5 0.000000
0.367 0.932203
0.5 0.983607
0.5 0.883333
0.5 1.000000
0.5 0.016393
0.5 1.000000
0.5 0.000000
0.271 0.949153
0.241 0.949153
0.5 0.000000
0.5 0.885246
0.0 0.000000
0.5 0.016667
0.075 0.000000
0.5 0.000000
0.5 0.000000
0.5 0.000000
0.5 0.885246
0.5 0.000000
0.5 1.000000
0.5 0.033333
0.5 0.000000
0.483 1.000000
0.5 0.000000
0.5 0.000000
0.5 1.000000
0.5 0.000000
0.5 0.901639
0.5 0.000000
0.5 0.034483
0.5 0.000000
0.5 0.983607
0.5 0.000000
0.102 0.000000
0.5 0.000000
0.5 1.000000
0.5 0.000000
0.5 0.000000
0.367 0.967213
0.5 1.000000
0.5 0.913793
0.5 0.000000
0.5 0.000000
0.5 0.894737
0.5 0.901639
0.5 1.000000
0.5 0.000000
0.108 0.016393
0.5 0.000000
0.5 0.000000
0.5 0.934426
0.083 0.000000
0.5 0.016393
0.037 0.000000
0.208 0.967213
0.5 0.000000
0.5 0.966667
0.5 0.016393
0.183 0.967213
0.158 0.918033
0.5 0.016393
0.5 0.864407
0.375 1.000000
0.5 0.000000
0.5 0.000000
0.5 1.000000
0.5 0.901639
0.5 0.000000
0.408 0.803279
0.5 0.000000
0.5 0.000000
0.5 0.000000
0.158 0.967213
0.5 0.000000
0.5 0.000000
0.5 1.000000
0.5 0.000000
0.5 0.000000
0.5 0.983607
0.5 0.000000
0.5 0.000000
0.5 0.885246
0.5 0.967213
0.308 0.131148
0.5 0.033333
0.169 0.033333
0.5 0.000000
0.5 0.983607
0.5 0.000000
0.5 0.000000
0.5 0.000000
0.5 0.000000
0.5 0.000000
0.352 0.866667
0.5 0.000000
0.5 0.783333
0.5 0.000000
0.5 1.000000
0.425 1.000000
0.025 0.033333
0.5 0.830508
0.5 0.000000
0.5 0.000000
0.5 0.000000
0.5 0.000000
0.5 0.950820
0.5 1.000000
0.5 0.049180
0.0 0.000000
0.5 0.049180
0.118 0.000000
0.033 0.000000
0.5 0.000000
0.5 0.896552
0.5 0.000000
0.5 0.000000
0.5 0.000000
0.5 0.016393
0.5 0.000000
0.05 0.000000
0.5 1.000000
0.5 0.000000
0.275 1.000000
0.5 0.000000
0.5 0.000000
0.5 0.000000
0.5 0.000000
0.417 0.868852
0.433 1.000000
0.5 0.913793
0.5 0.032787
0.5 1.000000
0.5 0.000000
0.5 0.868852
0.5 0.000000
0.5 0.018182
0.5 0.000000
0.5 0.885246
0.5 0.000000
0.5 0.918033
0.5 0.000000
0.5 1.000000
0.05 0.000000
0.5 0.065574
0.225 0.950820
0.5 0.934426
0.5 0.000000
0.45 1.000000
0.5 0.016667
0.095 0.017241
0.0 0.000000
0.5 0.000000
0.5 0.000000
0.5 0.000000
0.5 1.000000
0.5 0.868852
0.5 0.000000
0.5 0.000000
0.5 0.868852
0.275 0.049180
0.5 0.000000
0.5 0.000000
0.5 0.017241
0.0 0.000000
0.5 0.000000
0.5 0.983607
0.5 0.000000
0.5 1.000000
0.5 1.000000
0.5 1.000000
0.45 0.983607
0.5 0.000000
0.5 0.000000
0.05 0.000000
0.276 0.932203
0.5 0.000000
0.5 0.000000
0.5 1.000000
0.5 0.934426
0.5 0.147541
0.5 1.000000
0.5 0.983607
0.5 1.000000
0.5 0.000000
0.5 0.000000
0.458 1.000000
0.5 0.967213
0.225 0.983607
0.167 1.000000
0.5 0.850000
0.5 0.000000
0.208 0.918033
0.426 0.446429
0.5 0.000000
0.5 0.950820
0.408 1.000000
0.5 0.000000
0.5 0.000000
0.5 0.846154
0.5 0.000000
0.5 0.016393
0.117 0.901639
0.5 0.000000
0.5 0.966667
0.5 0.000000
0.5 0.016949
0.0 0.000000
0.5 0.000000
0.275 0.966667
0.5 0.000000
0.5 0.816667
0.5 0.967213
0.5 0.000000
0.5 0.000000
0.5 0.016393
0.5 0.000000
0.5 0.916667
0.5 0.934426
0.5 0.000000
0.5 0.983607
0.5 1.000000
0.5 0.983607
0.5 1.000000
0.5 0.728814
0.5 0.000000
0.317 0.983607
0.5 0.982143
0.5 0.950820
0.5 0.016393
0.5 0.983607
0.083 0.000000
0.425 1.000000
0.2 0.918033
0.5 0.000000
0.5 0.915254
0.5 0.000000
0.5 1.000000
0.5 0.950820
0.5 0.000000
0.5 0.967213
0.492 1.000000
0.483 0.983333
0.5 1.000000
0.108 1.000000
0.5 0.931034
0.5 0.000000
0.5 0.000000
0.5 0.000000
0.267 0.967213
0.5 0.000000
0.5 0.983607
0.5 0.000000
0.5 1.000000
0.5 0.016393
0.445 1.000000
0.475 1.000000
0.5 0.000000
0.5 0.049180
0.2 0.000000
0.417 1.000000
0.308 0.983607
0.392 1.000000
0.5 0.000000
0.5 1.000000
0.5 0.933333
0.5 0.983607
0.5 0.950820
0.5 0.983607
0.5 0.000000
0.5 0.000000
0.5 0.033333
0.5 0.000000
0.5 0.000000
0.483 1.000000
0.5 0.000000
0.5 0.983607
0.5 0.049180
0.5 0.918033
0.117 0.016393
0.5 0.983607
0.5 0.000000
0.5 0.000000
0.325 0.983607
0.5 0.000000
0.342 0.885246
0.5 0.000000
0.5 0.000000
0.5 0.033333
0.5 0.966667
0.5 1.000000
0.5 0.000000
0.5 0.983607
0.5 0.032787
0.108 0.934426
0.5 0.000000
0.5 0.000000
0.5 0.967213
0.5 0.050000
0.142 0.983607
0.492 1.000000
0.5 0.000000
0.5 0.000000
0.5 0.000000
0.5 0.000000
0.5 0.966102
0.5 0.000000
0.417 0.819672
0.5 0.016393
0.5 1.000000
0.5 0.000000
0.5 1.000000
0.5 0.000000
0.5 1.000000
0.5 0.000000
0.5 0.983607
0.5 0.000000
0.5 0.000000
0.092 1.000000
0.5 0.000000
0.5 1.000000
0.466 0.800000
0.5 0.000000
0.5 0.983607
0.5 0.000000
0.5 0.000000
0.358 1.000000
0.475 1.000000
0.5 0.000000
0.5 0.950820
0.5 0.000000
0.5 0.000000
0.5 0.934426
0.5 0.033333
0.5 0.967213
0.407 0.950000
0.5 0.000000
0.5 0.100000
0.5 0.000000
0.0 0.000000
0.5 0.934426
0.5 0.800000
0.5 0.000000
0.5 0.766667
0.5 0.016393
0.5 1.000000
0.5 0.950820
0.5 0.934426
0.5 0.866667
0.5 0.983607
0.292 0.901639
0.025 0.000000
0.5 0.000000
0.5 0.017857
0.0 0.000000
0.5 0.000000
0.5 0.983607
0.5 0.016393
0.5 0.000000
0.5 0.000000
0.425 0.983607
0.5 0.000000
0.433 0.918033
0.5 0.000000
0.5 0.000000
0.5 0.000000
0.5 0.967213
0.0 0.000000
0.5 0.934426
0.067 0.000000
0.433 0.983607
0.5 0.000000
0.5 0.000000
0.5 0.901639
0.267 0.929825
0.4 0.966667
0.5 0.737705
0.5 0.934426
0.5 0.000000
0.5 1.000000
0.5 0.000000
0.5 0.934426
0.5 0.786885
0.271 0.983051
0.5 0.000000
0.5 0.000000
0.5 0.000000
0.5 0.850000
0.5 0.196721
0.5 0.983607
0.5 0.967213
0.5 0.000000
0.5 0.000000
0.5 0.949153
0.5 0.016393
0.5 0.933333
0.367 1.000000
0.5 0.000000
0.5 0.000000
0.5 0.000000
0.5 0.947368
0.5 1.000000
0.5 1.000000
0.5 0.918033
0.5 0.049180
0.5 0.000000
0.133 0.983607
0.5 0.000000
0.5 0.000000
0.042 0.000000
0.5 0.000000
0.0 0.000000
0.5 0.000000
0.5 0.000000
0.083 0.000000
0.025 0.000000
0.358 1.000000
0.5 0.836066
0.5 1.000000
0.4 1.000000
0.5 0.000000
0.5 0.901639
0.5 0.032787
0.5 0.901639
0.167 0.000000
0.5 0.000000
0.442 1.000000
0.5 0.000000
0.225 0.967213
0.5 0.032787
0.075 0.000000
0.5 0.894737
0.0 0.000000
0.475 0.983333
0.5 0.000000
0.5 0.877193
0.5 0.000000
0.5 1.000000
0.5 1.000000
0.5 1.000000
0.5 0.000000
0.358 1.000000
0.5 0.000000
0.5 0.836066
0.5 0.983607
0.5 0.000000
0.383 0.967213
0.45 1.000000
0.5 0.000000
0.5 0.000000
0.5 0.000000
0.5 0.016667
0.0 0.000000
0.172 0.965517
0.5 0.049180
0.5 0.000000
0.5 0.000000
0.242 0.934426
0.283 0.868852
0.5 1.000000
0.5 0.000000
0.5 0.000000
0.5 0.000000
0.5 0.000000
0.5 1.000000
0.5 0.000000
0.5 0.900000
0.5 0.733333
0.5 0.049180
0.5 0.000000
0.342 0.967213
0.5 0.000000
0.5 0.016393
0.5 0.950820
0.5 0.000000
0.5 0.000000
0.5 0.000000
0.067 0.000000
0.5 0.000000
0.5 0.000000
0.5 0.000000
0.192 0.983333
0.5 1.000000
0.45 1.000000
0.339 0.866667
0.5 0.000000
0.5 0.000000
0.5 0.967213
0.5 0.033333
0.5 0.000000
0.5 0.000000
0.5 1.000000
0.5 0.000000
0.5 0.000000
0.5 0.000000
0.5 0.032787
0.308 1.000000
0.5 0.000000
0.5 0.000000
0.5 0.000000
0.136 0.983051
0.5 0.000000
0.159 0.000000
0.5 0.000000
0.5 0.000000
0.5 0.000000
0.5 0.000000
0.5 0.000000
0.5 1.000000
0.5 0.049180
0.5 0.049180
0.5 0.885246
0.5 0.035088
0.5 0.000000
0.5 0.962264
0.5 0.032787
0.5 0.000000
0.5 0.000000
0.5 0.000000
0.5 0.000000
0.308 0.868852
0.5 0.050000
0.5 1.000000
0.4 1.000000
0.5 0.000000
0.5 0.000000
0.5 1.000000
0.5 0.000000
0.5 0.000000
0.5 1.000000
0.5 0.000000
0.5 0.000000
0.5 0.000000
0.5 0.081967
0.375 0.885246
0.275 0.950000
0.5 0.016949
0.3 0.590164
0.5 0.133333
0.408 0.983607
0.5 0.967213
0.5 0.016949
0.5 0.934426
0.5 0.932203
0.5 0.032787
0.5 0.881356
0.5 0.000000
0.0 0.000000
0.5 0.000000
0.275 0.065574
0.5 0.983607
0.217 0.981818
0.0 0.000000
0.5 0.000000
0.5 0.000000
0.5 0.000000
0.5 0.000000
0.5 0.016393
0.5 0.000000
0.5 0.000000
0.5 0.000000
0.5 0.000000
0.5 0.918033
0.5 0.000000
0.5 0.000000
0.5 0.000000
0.5 0.918033
0.183 0.032787
0.5 0.000000
0.5 0.000000
0.0 0.000000
0.5 0.000000
0.333 1.000000
0.5 0.035088
0.5 1.000000
0.5 0.000000
0.5 0.933333
0.5 0.000000
0.5 0.688525
0.5 0.000000
0.5 0.000000
0.5 0.933333
0.5 0.983607
0.5 0.000000
0.5 0.016393
0.233 0.934426
0.5 0.000000
0.5 0.000000
0.5 0.824561
0.5 0.000000
0.5 0.000000
0.5 0.000000
0.5 0.967213
0.5 0.901639
0.3 0.050000
0.5 0.000000
0.5 0.000000
0.192 0.983607
0.5 0.000000
0.5 0.000000
0.5 0.033333
0.5 0.000000
0.5 0.934426
0.478 0.868852
0.5 0.000000
0.5 1.000000
0.5 0.934426
0.442 1.000000
0.5 0.016667
0.5 0.000000
0.5 0.000000
0.5 0.915254
0.5 0.016393
0.5 0.967213
0.5 0.983607
0.025 0.000000
0.5 0.049180
0.492 0.983607
0.5 0.000000
0.383 0.983607
0.433 0.983607
0.5 0.000000
0.5 0.000000
0.5 0.000000
0.5 0.050000
0.267 0.983607
0.5 0.000000
0.5 0.983333
0.5 0.016393
0.5 0.983607
0.5 0.933333
0.283 1.000000
0.5 0.032787
0.5 0.016667
0.4 0.852459
0.5 0.000000
0.5 0.000000
0.5 0.000000
0.5 0.000000
0.283 0.868852
0.5 0.016667
0.5 0.950820
0.5 0.035714
0.5 0.000000
0.5 0.983607
0.347 0.966102
0.5 0.000000
0.5 0.896552
0.5 0.949153
0.433 1.000000
0.175 1.000000
0.5 0.830189
0.5 0.934426
0.2 0.050000
0.5 0.885246
0.5 1.000000
0.5 0.000000
0.5 0.000000
0.5 0.983607
0.5 0.000000
0.5 0.000000
0.5 0.000000
0.167 0.983607
0.102 0.016667
0.5 0.983607
0.5 0.000000
0.108 0.000000
0.5 0.000000
0.5 0.983607
0.5 0.000000
0.5 0.852459
0.5 1.000000
0.5 0.000000
0.5 0.032787
0.5 0.967213
0.5 0.000000
0.5 1.000000
0.333 1.000000
0.5 0.000000
0.108 0.016393
0.5 0.066667
0.1 0.967213
0.5 0.000000
0.5 0.706897
0.225 0.901639
0.308 1.000000
0.5 1.000000
0.5 0.016949
0.5 0.885246
0.5 0.000000
0.5 0.000000
0.5 0.983607
0.0 0.000000
0.5 0.000000
0.267 0.918033
0.5 0.016393
0.5 0.000000
0.5 0.967213
0.5 1.000000
0.5 0.866667
0.398 1.000000
0.5 0.000000
0.5 0.000000
0.5 0.000000
0.103 0.068966
0.5 0.000000
0.5 0.950820
0.5 0.000000
0.5 0.016393
0.5 0.966667
0.5 0.950000
0.0 0.000000
0.5 0.983607
0.0 0.000000
0.5 0.000000
0.5 0.967213
0.233 0.950820
0.442 1.000000
0.5 0.000000
0.0 0.000000
0.422 0.983051
0.5 0.813559
0.5 0.000000
0.5 0.931034
0.5 1.000000
0.5 0.918033
0.15 0.967213
0.5 0.000000
0.5 0.000000
0.5 0.000000
0.5 0.000000
0.5 0.967213
0.5 0.000000
0.5 0.000000
0.5 0.000000
0.5 0.000000
0.5 1.000000
0.5 1.000000
0.5 0.950820
0.5 0.000000
0.5 0.000000
0.325 0.081967
0.5 0.540984
0.5 0.016667
0.5 0.000000
0.375 1.000000
0.5 1.000000
0.5 0.950000
0.5 0.000000
0.233 0.934426
0.5 0.000000
0.5 0.000000
0.5 0.000000
0.5 0.034483
0.5 1.000000
0.5 0.016393
0.5 0.016667
0.5 0.000000
0.5 0.034483
0.008 0.000000
0.417 0.885246
0.5 0.065574
0.5 0.934426
0.5 0.000000
0.5 0.966102
0.167 0.950000
0.5 0.967213
0.5 0.901639
0.5 0.000000
0.5 0.016393
0.233 0.950820
0.5 0.950820
0.5 0.000000
0.5 0.000000
0.5 0.933333
0.424 0.966667
0.5 0.000000
0.35 0.967213
0.5 0.885246
0.293 0.000000
0.333 0.180328
0.5 0.963636
0.5 0.983607
0.5 0.000000
0.5 0.982143
0.108 0.016393
0.5 0.000000
0.5 0.049180
0.008 0.000000
0.5 0.915254
0.033 0.000000
0.5 0.000000
0.5 0.950820
0.5 0.000000
0.5 0.000000
0.5 0.000000
0.5 0.000000
0.5 0.967213
0.5 0.032787
0.5 0.000000
0.5 0.770492
0.5 0.000000
0.425 1.000000
0.492 1.000000
0.5 0.868852
0.5 0.000000
0.5 0.754098
0.161 0.017544
0.5 0.983607
0.5 0.901639
0.192 0.016393
0.5 0.000000
0.5 0.967213
0.5 0.000000
0.5 0.000000
0.5 0.000000
0.5 0.000000
0.5 0.000000
0.5 0.000000
0.5 0.000000
0.169 0.900000
0.28 1.000000
0.5 0.000000
0.5 1.000000
0.5 0.000000
0.5 0.000000
0.35 1.000000
0.5 0.967213
0.5 0.983607
0.35 0.900000
0.5 0.983607
0.282 0.781818
0.15 0.983051
0.5 1.000000
0.5 1.000000
0.5 0.000000
0.5 0.049180
0.5 0.967213
0.5 0.016393
0.5 0.950820
0.5 0.000000
0.5 0.016393
0.5 0.836066
0.183 0.065574
0.175 0.065574
0.5 1.000000
0.5 0.065574
0.5 0.016393
0.5 0.000000
0.5 0.983607
0.5 0.000000
0.5 0.770492
0.5 0.000000
0.5 0.032787
0.5 0.916667
0.5 0.983607
0.5 0.901639
0.5 0.016393
0.5 0.000000
0.5 0.000000
0.5 0.016393
0.283 0.900000
0.5 1.000000
0.367 1.000000
0.5 0.000000
0.5 0.960000
0.5 0.868852
0.5 0.049180
0.4 0.967213
0.5 0.016949
0.167 0.967213
0.275 0.916667
0.5 0.000000
0.212 0.000000
0.05 0.000000
0.5 0.000000
0.5 0.000000
0.5 0.000000
0.5 0.967213
0.5 0.000000
0.5 0.966667
0.5 0.915254
0.5 0.016393
0.5 0.016393
0.5 0.000000
0.377 0.964912
0.4 0.983607
0.5 1.000000
0.5 0.000000
0.5 0.052632
0.012 0.034483
0.5 0.000000
0.5 0.000000
0.5 0.950000
0.433 1.000000
0.5 0.000000
0.5 0.000000
0.5 0.000000
0.5 0.783333
0.5 0.983051
0.5 0.000000
0.5 0.950820
0.5 0.000000
0.5 0.000000
0.5 0.000000
0.5 0.905660
0.5 0.016393
0.5 0.000000
0.5 1.000000
0.5 0.000000
0.5 0.016393
0.5 0.967213
0.5 0.836066
0.5 0.816667
0.483 0.983607
0.5 0.050000
0.0 0.000000
0.5 1.000000
0.5 0.000000
0.5 0.883333
0.491 0.964912
0.5 0.000000
0.5 0.885246
0.5 0.000000
0.169 0.050847
0.325 0.983607
0.5 0.049180
0.025 0.098361
0.5 0.800000
0.5 0.000000
0.5 0.032787
0.5 0.065574
0.5 0.016667
0.5 1.000000
0.075 0.032787
0.5 0.000000
0.5 0.000000
0.5 0.000000
0.5 0.949153
0.333 1.000000
0.5 0.950820
0.5 0.983333
0.5 0.000000
0.5 0.000000
0.5 0.016667
0.217 1.000000
0.5 0.816327
0.133 0.967213
0.5 0.883333
0.208 0.916667
0.5 0.000000
0.5 0.916667
0.5 0.000000
0.5 0.983607
0.5 0.950820
0.161 0.033333
0.5 0.760000
0.5 0.983607
0.424 1.000000
0.5 0.000000
0.5 0.000000
0.5 0.983607
0.5 0.967213
0.275 0.966667
0.083 0.000000
0.5 0.000000
0.5 0.966667
0.5 0.918033
0.5 0.950820
0.5 1.000000
0.125 0.983607
0.5 0.000000
0.5 0.655738
0.5 0.000000
0.444 0.981818
0.108 0.983607
0.5 0.000000
0.3 0.885246
0.35 0.803279
0.5 0.000000
0.208 0.032787
0.5 0.017241
0.5 0.049180
0.5 0.000000
0.5 0.983607
0.5 0.950820
0.5 0.000000
0.5 1.000000
0.358 0.964912
0.5 0.000000
0.5 0.000000
0.425 1.000000
0.5 0.000000
0.5 0.000000
0.5 0.868852
0.5 0.000000
0.5 0.888889
0.5 0.000000
0.5 1.000000
0.5 0.000000
0.5 0.064516
0.5 0.983607
0.229 0.950000
0.417 1.000000
0.5 0.000000
0.5 0.016667
0.5 1.000000
0.5 0.000000
0.233 0.016393
0.5 0.016949
0.5 0.000000
0.5 0.016949
0.5 0.737705
0.5 0.983051
0.5 0.000000
0.5 1.000000
0.5 0.000000
0.5 0.016393
0.5 0.966667
0.5 0.000000
0.5 1.000000
0.5 0.000000
0.133 0.000000
0.443 1.000000
0.5 0.000000
0.5 0.000000
0.5 0.000000
0.5 0.000000
0.5 0.967213
0.5 0.950820
0.4 1.000000
0.375 0.950820
0.5 0.017241
0.183 0.049180
0.102 0.000000
0.5 0.000000
0.5 0.033898
0.5 0.967213
0.5 0.032787
0.05 0.000000
0.5 1.000000
0.5 1.000000
0.383 0.983607
0.008 0.000000
0.5 0.000000
0.5 0.852459
0.5 0.000000
0.5 1.000000
0.237 0.883333
0.192 0.967213
0.5 1.000000
0.5 0.000000
0.5 0.000000
0.5 1.000000
0.5 0.032258
0.45 1.000000
0.309 0.872727
0.5 0.950820
0.456 0.982759
0.5 0.000000
0.5 0.049180
0.5 0.000000
0.5 0.965517
0.5 0.000000
0.5 0.950820
0.5 0.967213
0.5 0.000000
0.5 0.950820
0.392 1.000000
0.5 1.000000
0.5 0.000000
0.5 0.983607
0.5 0.967213
0.5 0.885246
0.5 0.949153
0.5 0.807018
0.5 0.833333
0.5 0.000000
0.5 0.016393
0.175 1.000000
0.5 0.934426
0.5 0.000000
0.5 0.000000
0.308 0.967213
0.433 1.000000
0.5 0.933333
0.5 0.620690
0.5 0.000000
0.5 0.000000
0.5 0.000000
0.5 0.000000
0.5 0.016393
0.5 0.000000
0.237 0.923077
0.142 0.000000
0.5 0.000000
0.242 1.000000
0.5 1.000000
0.5 0.740741
0.2 0.967213
0.5 0.016393
0.5 0.000000
0.5 0.033898
0.5 0.000000
0.5 0.704918
0.5 0.847458
0.5 0.000000
0.5 0.983051
0.5 0.700000
0.5 0.967213
0.5 0.983607
0.5 0.000000
0.5 0.000000
0.5 0.000000
0.383 0.983333
0.375 1.000000
0.5 0.000000
0.5 0.000000
0.333 0.983607
0.5 0.000000
0.375 1.000000
0.5 0.934426
0.5 0.000000
0.5 0.901639
0.5 0.116667
0.5 0.000000
0.5 0.000000
0.475 0.918033
0.5 0.000000
0.5 1.000000
0.5 0.000000
0.5 0.000000
0.308 0.901639
0.475 1.000000
0.5 0.868852
0.5 0.000000
0.0 0.000000
0.083 0.000000
0.5 0.932203
0.5 0.983607
0.5 0.000000
0.5 1.000000
0.5 0.000000
0.5 0.000000
0.5 0.983051
0.245 0.886792
0.328 0.966102
0.5 0.000000
0.5 0.000000
0.5 1.000000
0.5 0.000000
0.058 0.131148
0.5 0.983607
0.025 0.000000
0.5 0.785714
0.075 0.000000
0.5 0.000000
0.4 0.983607
0.5 0.000000
0.342 1.000000
0.5 0.967213
0.5 1.000000
0.5 0.983607
0.083 0.000000
0.5 0.000000
0.5 0.836066
0.433 1.000000
0.5 0.000000
0.5 0.000000
0.5 0.000000
0.5 0.068966
0.5 0.966667
0.5 0.000000
0.5 0.000000
0.5 0.000000
0.5 0.000000
0.5 0.000000
0.5 0.000000
0.5 0.000000
0.5 0.016949
0.192 0.967213
0.5 0.000000
0.5 0.983607
0.5 0.049180
0.5 0.000000
0.5 0.000000
0.5 0.000000
0.5 0.000000
0.5 0.950820
0.5 0.065574
0.5 0.000000
0.5 0.950820
0.5 0.000000
0.5 0.000000
0.5 0.000000
0.5 0.983607
0.5 0.982456
0.5 0.950820
0.15 0.000000
0.5 0.000000
0.5 0.000000
0.5 0.000000
0.0 0.000000
0.5 0.983051
0.5 0.016393
0.5 0.049180
0.5 0.983607
0.5 0.872727
0.033 0.000000
0.108 0.000000
0.5 0.016393
0.398 0.950000
0.5 0.000000
0.5 1.000000
0.5 0.000000
0.5 0.016949
0.5 0.016393
0.492 0.950820
0.5 0.000000
0.5 1.000000
0.5 0.065574
0.085 0.000000
0.167 0.967213
0.5 0.054545
0.5 0.000000
0.5 0.901639
0.5 0.000000
0.275 0.934426
0.5 0.050847
0.5 0.950820
0.5 0.000000
0.5 0.000000
0.5 1.000000
0.474 0.672414
0.0 0.000000
0.092 0.000000
0.19 0.912281
0.5 0.000000
0.5 0.000000
0.339 0.898305
0.5 0.000000
0.5 1.000000
0.132 0.864407
0.0 0.000000
0.5 0.967213
0.0 0.000000
0.5 0.000000
0.5 0.032787
0.317 1.000000
0.5 0.803279
0.425 0.983607
0.5 0.000000
0.392 0.925926
0.5 0.000000
0.483 0.983051
0.083 0.000000
0.5 0.000000
0.5 1.000000
0.5 1.000000
0.5 0.000000
0.5 0.950000
0.5 0.000000
0.5 0.016393
0.5 0.000000
0.5 0.000000
0.0 0.000000
0.5 0.000000
0.375 0.100000
0.5 0.016393
0.0 0.000000
0.5 0.000000
0.5 0.000000
0.5 0.934426
0.5 0.000000
0.043 0.000000
0.5 0.000000
0.5 0.862069
0.5 0.081967
0.5 0.000000
0.5 0.000000
0.5 0.000000
0.5 0.000000
0.5 1.000000
0.5 0.000000
0.5 0.000000
0.5 1.000000
0.5 1.000000
0.0 0.000000
0.5 0.000000
0.5 0.800000
0.333 0.721311
0.5 1.000000
0.5 0.000000
0.5 0.967213
0.5 1.000000
0.317 1.000000
0.271 0.830508
0.5 0.000000
0.5 0.000000
0.5 0.949153
0.5 0.789474
0.108 0.016667
0.5 0.016949
0.5 0.000000
0.068 0.000000
0.5 0.000000
0.263 0.983333
0.5 0.066667
0.395 0.929825
0.5 0.868852
0.5 0.000000
0.5 0.000000
0.5 0.000000
0.5 0.967213
0.5 0.000000
0.5 0.000000
0.167 0.934426
0.5 1.000000
0.442 1.000000
0.5 0.033333
0.458 0.983607
0.417 1.000000
0.5 0.016393
0.5 0.000000
0.358 1.000000
0.5 0.016393
0.5 0.000000
0.5 1.000000
0.5 0.000000
0.5 0.672727
0.5 0.983607
0.5 0.803279
0.5 0.016393
0.5 0.830508
0.5 0.000000
0.459 0.600000
0.0 0.000000
0.5 0.983607
0.5 0.000000
0.5 0.000000
0.22 0.066667
0.5 0.000000
0.175 0.983607
0.5 0.000000
0.5 0.000000
0.25 0.950820
0.151 0.000000
0.5 1.000000
0.5 0.000000
0.5 0.032787
0.408 0.836066
0.5 0.933333
0.075 0.000000
0.15 0.983607
0.2 1.000000
0.5 0.016667
0.5 0.016393
0.5 0.000000
0.5 0.967213
0.5 0.983333
0.5 1.000000
0.233 0.934426
0.5 0.000000
0.5 0.000000
0.5 0.000000
0.5 0.000000
0.5 0.017241
0.5 0.898305
0.058 0.016393
0.5 0.950820
0.5 0.000000
0.5 0.000000
0.5 0.966102
0.5 0.901639
0.5 0.000000
0.325 0.901639
0.5 0.016393
0.5 0.000000
0.5 0.098361
0.5 0.049180
0.5 0.934426
0.5 1.000000
0.5 0.000000
0.5 0.000000
0.5 0.000000
0.5 0.000000
0.5 0.033333
0.5 0.000000
0.5 0.133333
0.5 0.000000
0.5 0.000000
0.355 0.964286
0.042 0.000000
0.5 0.901639
0.5 0.934426
0.5 0.000000
0.5 0.116667
0.5 0.967213
0.5 1.000000
0.025 0.000000
0.5 0.983607
0.012 0.000000
0.108 0.016393
0.5 0.966102
0.5 0.983051
0.292 1.000000
0.5 0.586207
0.5 0.000000
0.5 0.000000
0.5 0.000000
0.5 1.000000
0.033 0.000000
0.5 0.929825
0.237 0.052632
0.5 0.885246
0.5 0.983333
0.067 0.016393
0.5 0.000000
0.5 0.000000
0.5 0.000000
0.5 0.983607
0.292 0.885246
0.5 0.000000
0.5 0.965517
0.5 0.000000
0.5 0.000000
0.5 0.915254
0.5 0.983051
0.5 0.000000
0.5 0.000000
0.5 0.967213
0.5 0.000000
0.5 0.000000
0.5 0.000000
0.5 0.950820
0.5 0.967213
0.5 0.241379
0.5 0.901639
0.283 0.885246
0.5 0.000000
0.167 0.950820
0.5 1.000000
0.25 0.950820
0.5 0.000000
0.5 0.983607
0.367 1.000000
0.5 0.035088
0.267 0.836066
0.5 0.000000
0.5 0.934426
0.0 0.000000
0.5 0.000000
0.5 0.000000
0.5 0.983607
0.11 0.019608
0.5 1.000000
0.5 0.786885
0.05 0.983607
0.5 0.065574
