12.0347735254, 9.7441794724
12.4962604495, 10.139278819
10.7282815682, 9.80629780311
11.51863059, 9.3447736684
12.1797644127, 10.3814681668
11.2560385126, 9.61411421492
11.7443385325, 9.37507256484
11.4903986192, 9.31697263743
10.9559405414, 9.42017758083
11.2178927701, 9.59556049594
11.3595705464, 9.07027439551
11.5768180973, 9.5474503799
10.750479686, 11.0875936808
11.4415764952, 9.50325399678
11.6446062123, 9.48595832161
11.4622392076, 9.51075986683
10.4470430693, 10.9701715899
10.9958923592, 9.61742244988
11.0249072089, 11.4946527425
11.6637533998, 9.41070515799
10.2787056512, 9.56030804895
12.1779436266, 10.0216096078
12.0591390618, 10.1482829784
10.580293051, 10.0342561069
12.1129242802, 10.1541928811
11.7582303052, 9.53052601212
9.58555509935, 11.0328472475
10.9107775869, 11.0498082645
10.4268577816, 10.6913025352
11.7000002394, 10.389869843
11.9352316649, 9.87915752532
11.8986504416, 9.52399599287
10.8301418593, 11.008109523
10.9784041617, 11.0087610195
11.6020746014, 12.0054493578
11.0757260207, 11.6858629371
11.3332037246, 10.0931837038
9.98842360847, 11.7979819672
11.410625495, 9.20902509395
10.3277625318, 12.4456993016
9.97003992293, 11.407215148
10.4727358136, 10.8764768962
11.5499256496, 9.673371611
10.5209757166, 10.8264085416
11.2151202701, 9.59009551992
12.0708454315, 10.5336427312
10.9202696022, 10.9966535265
11.557525719, 10.2598162562
12.2178138541, 10.3363259096
11.9279313911, 10.330487665
12.2159984169, 10.3088094851
12.0374619562, 10.0997311586
11.6985164751, 9.81137922311
12.3061381886, 10.4663960702
10.9971790458, 9.64323395634
10.2278641348, 10.3395824328
10.3753840498, 12.6761484079
11.6560567881, 11.8748025092
11.020263173, 9.72620518525
10.8322851685, 11.4683531958
11.3934724091, 11.7189172117
11.2026337034, 9.92099675935
10.8640244466, 9.7689275972
11.2853961094, 9.63297445657
10.3324741818, 10.4264700373
10.9169145242, 11.0676345284
10.9094466604, 11.2882180616
10.6654717551, 10.8132560682
11.553100092, 9.6494078949
11.6680505042, 9.47125898678
11.2110688096, 11.2556813662
11.5436070457, 9.72533560752
11.5995002673, 9.60228111209
11.441535967, 9.40249466019
11.1708278613, 10.220585823
11.6881942686, 9.54775578414
11.5963775381, 10.0016575765
11.5273413985, 11.7649660481
12.1901107716, 10.6473788777
12.0464379245, 10.2267674759
11.7021808207, 9.97535013236
11.7995343317, 10.0603283562
12.2856929917, 10.1571177187
12.1544730777, 10.3804447847
12.3762039771, 10.6087118822
11.851775032, 10.3204931183
12.0818547012, 10.448443227
12.7385496336, 10.3694976982
12.0362393825, 10.1151009668
10.9865572105, 11.4273722921
11.5915137861, 9.44355901487
11.2891999963, 9.38285074437
11.2024464986, 9.67181901443
11.7519854519, 9.54150679622
11.669863226, 10.2522382325
11.5283013942, 9.91610266224
10.2067362936, 10.2227824993
11.3772783037, 9.87581372546
11.9335477752, 9.41342821239
11.2128216144, 10.1441217471
12.1792375372, 10.4514907184
11.8319812105, 9.54628717481
11.4923517257, 9.42232217032
11.2494506604, 11.7072670778
11.7030166525, 9.44007599087
11.3438215033, 9.65342100852
11.6876876166, 10.0156092581
12.0941069259, 10.3137336678
11.1301969667, 11.5806910931
11.6263235946, 9.41377742804
11.7114593493, 9.53299512767
11.5120876483, 9.61089235829
12.0302393325, 9.52675464248
11.7012280815, 9.20702314923
11.4296121157, 9.72738692121
10.995474104, 11.1873809224
11.881350936, 9.41864874358
10.8318478527, 9.99914954518
11.710322701, 9.48572907443
11.755881534, 9.4780677292
11.5982577968, 9.71460714762
11.5788043005, 9.43886297636
10.8191000677, 10.9640677054
12.049976785, 10.2589222156
12.0825714106, 9.96656689714
12.2589083517, 10.5711688529
12.4978922185, 10.173140274
10.3446489933, 10.0208481952
12.2823950381, 10.3127269049
11.6867516304, 9.99507567071
12.0115442851, 10.296669541
10.5028261372, 10.8294202355
11.6068623597, 9.85346998871
9.93247178176, 11.4151364488
11.6365970934, 10.0082335073
11.283789173, 10.2008054803
10.9178423899, 9.64611525073
11.7907537858, 9.51567761771
11.8541649153, 9.72490963181
11.9350232215, 9.58590262443
10.737008548, 9.82298667702
11.0389111159, 10.0182339334
10.9504862273, 9.73795625924
11.4005116337, 9.95082293932
11.3131794411, 10.0698703003
10.1961797398, 10.0992537254
11.5357700542, 9.24812321834
11.3787472914, 9.57808478849
11.7948516447, 9.55694935937
11.6423868478, 9.18336257371
12.1129172504, 10.1083965179
11.4717767953, 11.5554228007
11.5440434195, 9.60984014983
10.703937048, 10.9953135454
10.1638922453, 10.5436012638
11.0797854179, 9.29689305531
11.0798824069, 9.86817834427
11.9650710489, 9.60957262286
10.4834481984, 10.7789071677
11.729640676, 9.67355447883
12.089632812, 10.1961577341
10.4769986403, 10.2828078498
11.7457365725, 9.69281653763
12.150439957, 10.5000516806
11.018251912, 10.0495505311
11.0369572966, 11.5916878149
11.0575120946, 9.65527127096
11.5068437103, 9.20729527821
11.4086230511, 10.0791228734
10.7106163343, 11.2320560141
11.5544095918, 9.56041349496
11.1686175748, 9.97577493935
11.835635205, 9.51996839448
11.4149682865, 9.78956512254
10.8853574389, 11.3496079138
11.7777290782, 9.4756025442
10.9974782921, 11.1172565559
11.6247458138, 9.49334977256
11.7853942472, 9.54505110125
11.489233566, 9.28169574002
10.9799530696, 10.1251320583
12.1101014338, 10.2077722569
9.78013379472, 11.0754672389
10.9148983612, 11.0565303932
10.9823891162, 9.35069199349
11.5597070884, 9.48249747278
11.9904708129, 10.0556145287
11.1872480924, 9.66613859745
11.8966948251, 10.2610894328
12.0702701261, 9.52343944322
12.3791221805, 10.4093114054
11.7575142378, 12.0505738201
10.8996540533, 11.0380376174
10.7351755582, 9.79042285775
10.1382050486, 12.0686623039
11.0398910181, 9.68718313731
11.4764130125, 10.0311904062
11.8720501768, 9.62333883819
12.1973739983, 10.651032322
10.6958964991, 9.42809784554
11.6750588028, 10.4185391114
11.9969960279, 10.1361397683
11.606619752, 11.8184787315
12.1263032523, 10.0166771015
11.741401398, 9.27253236916
9.69087528835, 11.7971506541
12.0166297455, 10.27961902
10.2522722542, 10.1763599301
11.1846269915, 11.0452608505
10.3977889507, 10.1555927829
12.1225994124, 10.084165226
10.5010904145, 10.7285458128
11.8644103946, 9.85034844728
11.6646505421, 10.4062232569
9.8283559231, 11.7343678646
11.5885172961, 9.28514982939
11.7331408587, 9.64860035567
11.4094708801, 11.5829646931
9.46761986621, 11.1982506158
11.3216401174, 11.4662933213
10.7691403163, 10.7609880532
10.7456675114, 9.79222900265
12.5119824906, 10.4035875596
12.3043330878, 10.3228304887
11.9702130568, 10.3353804421
12.2632407672, 10.3419331111
10.2060377461, 11.7116861239
9.50091304378, 11.0317459391
10.9865799691, 11.1840555102
11.6385086559, 9.82017724748
12.0421063741, 10.2923202927
11.6567460129, 9.66823071355
10.3673623906, 9.66735837452
10.721195305, 9.88048431912
10.6071088716, 10.877815614
11.6673901256, 10.0348213835
12.5243972482, 10.1398469489
11.7495543137, 10.1715592953
12.0235568187, 10.4042290783
12.0044843236, 10.1165818476
11.8607299742, 9.97710020159
12.2199046993, 9.88445897024
10.1242802689, 10.607504305
11.3683880497, 10.091628936
10.8510359704, 11.2505933565
10.9252164932, 9.9652432474
11.0063806027, 10.010055016
10.3885969338, 10.7933300476
11.7306352462, 9.9073172008
10.7097709559, 11.355735288
10.6579426117, 9.96242609312
10.7121395547, 9.67392500848
10.9304645545, 9.50974755536
11.5509340469, 10.0522216793
10.7815186862, 10.7978096578
11.9374670071, 9.86243649349
12.168476357, 10.1617100008
11.35391232, 11.5433371725
10.4489928866, 11.1095871175
11.9399569464, 10.3188369029
10.0188100299, 11.5886813912
9.75372217072, 11.3722288091
10.6802520892, 10.9695315087
10.6055793351, 10.8453021722
11.854938688, 9.35705274388
10.459284041, 10.7208359234
10.2958612811, 10.1982259083
10.9042356101, 11.198391687
10.4029538848, 10.9839721746
11.0127252242, 11.397803804
