10.9965784909, 12.5234696284
11.1625106616, 12.4040591211
11.7572184732, 13.0127111837
10.7580219356, 12.3611315289
10.9058213311, 12.4369727123
10.8281041912, 12.3753967811
10.4807715267, 12.391628372
10.7497573008, 12.45602423
11.0275114617, 12.4799452691
10.870032319, 12.356549126
10.607184731, 12.3399627741
10.645482192, 12.3622636543
11.0091974542, 12.3478401176
10.8441464565, 12.5276574082
10.8873729011, 12.4515635062
10.8625529683, 12.3301192596
10.9448045736, 12.3384008698
13.0032204203, 10.954312544
12.2150762228, 11.882522316
10.5148018469, 12.2661476577
11.8278469595, 12.8503835953
10.8731124493, 12.4149551837
10.8275216342, 12.4811598629
10.966355724, 12.5529779293
11.2320552083, 12.5779122404
11.0051770069, 12.4449888762
11.0674285887, 12.7074866302
10.7580219356, 12.3490982797
12.370010625, 11.7894568875
11.0206731756, 12.3566129156
10.9898367301, 12.5767143797
10.4582770068, 12.2873487102
10.7576670564, 12.3025031429
10.6278292146, 12.2848172302
10.9412897551, 12.4302199295
12.3809802786, 12.0185210201
12.0529372381, 11.6341834494
12.3218572897, 12.0097878143
10.8435888254, 12.2974751283
12.7348874377, 10.9186180726
10.6224220513, 12.3927004561
12.1207846926, 11.7071541643
10.7661845299, 12.4454386749
12.5413053683, 12.0222814323
10.8733384722, 12.5694515348
10.7859446419, 12.4642340032
10.6671082437, 12.3541236251
11.0691439075, 12.5955062047
11.2497098639, 12.4041236428
11.0804315802, 12.5776078235
10.9771841493, 12.5985506707
10.8850812579, 12.4662252729
10.7749935654, 12.6397508329
11.2344700886, 12.6846732752
10.8906835114, 12.4150093476
11.0158373085, 12.5958220713
11.1107249821, 12.4153916859
12.2221972588, 11.7386259667
10.7023851366, 12.2187429273
12.7951479839, 10.7032664479
12.0504227001, 11.7664109697
12.432722734, 12.0653201568
12.9258742649, 10.8434657804
12.4372096591, 11.8621682457
11.1955894627, 12.6381774053
12.4485797985, 11.9760636354
10.795462991, 12.5118610153
10.6984626258, 12.3624444424
10.8963211485, 12.447582275
10.8123612824, 12.3853593348
11.0233498686, 12.5922536943
11.0094488273, 12.5289415076
10.7569499819, 12.2877672141
10.5016507496, 12.42586324
12.3210206782, 11.7759396808
10.8817581331, 12.4086746272
10.9671432102, 12.4577515409
11.0754990157, 12.4207135664
11.1158828598, 12.343714092
10.7988227498, 12.4143542399
10.948655851, 12.5891873188
11.1158828598, 12.602219155
11.0163442891, 12.3672228621
10.9501771119, 12.3833738035
11.0290305754, 12.3940507472
11.0453664933, 12.4355687298
10.9701450697, 12.2860658462
11.0158993716, 12.4842464152
10.8534714378, 12.5411819501
10.9133883544, 12.5486131213
10.6268177198, 12.1993281517
10.6477760361, 12.3201252761
11.0312711733, 12.5408707323
10.934991208, 12.5322459253
11.03196974, 12.6231932668
11.0936388156, 12.5770349131
11.7557751527, 12.7560994203
10.9574224031, 12.4456328103
10.7507810993, 12.2667013565
11.4717677451, 12.7953293865
11.0280652393, 12.4484185654
11.9866773777, 11.5688900343
10.3527183703, 12.3113259541
10.279035878, 12.3750162877
10.6477760361, 12.4441219321
10.8856044025, 12.439617538
10.9590597289, 12.6391354512
11.161129541, 12.5067933012
10.7408334621, 12.3345391349
12.0993856993, 11.4655872657
10.7267361886, 12.164188465
10.4122298241, 12.2076301584
12.1905120115, 11.7478156312
10.7037527584, 12.2536432217
10.5055615984, 12.1331526083
12.1644268236, 11.5987314958
10.7058095393, 12.4339722129
11.040965894, 12.5502549108
10.7193562878, 12.3760773198
10.4980252426, 12.1827459757
10.8320076426, 12.2871421114
10.617568547, 12.1641452525
12.3443175667, 12.0450053572
12.150018564, 11.8393985712
10.7209615123, 12.518236466
11.0333507075, 12.2943811252
10.9111652361, 12.4523292272
11.7054334172, 13.0129341431
11.1766476225, 12.5843476466
11.1858088002, 12.6106065616
11.1301695135, 12.5025844691
12.8599141469, 10.8159352503
12.8310540749, 10.9855986165
12.7851876064, 10.9383113217
10.840590738, 12.4900073924
11.0834637146, 12.6103336993
12.4154433468, 12.0467956462
10.9009274796, 12.4645042114
10.9598088175, 12.4886287955
10.725468358, 12.28440297
11.1702751639, 12.6160968946
11.5002378099, 12.832552475
12.3471520656, 11.9226584463
11.1148713083, 12.5486356323
10.9444565272, 12.495909809
11.4552651539, 12.7016534968
10.6878994827, 12.4621220745
10.7898728889, 12.2769677683
10.6771971634, 12.3551812377
10.6516594713, 12.2670951212
11.1591257373, 12.698899077
10.763725697, 12.5142950473
10.7890730047, 12.2982176018
10.9436643832, 12.303413292
10.9373877523, 12.6030640426
10.953717762, 12.6176980669
12.2041025877, 11.756869399
10.4212655259, 12.2380672813
12.0029807536, 11.9119736798
10.7934594167, 12.4998805555
11.0424759514, 12.5391930514
11.8253483025, 12.6274688498
10.9465808422, 12.3269921221
11.0979502576, 12.5849083561
12.3227544641, 11.8971875577
10.7036398919, 12.2295548224
10.7337062945, 12.2326081582
10.63391691, 12.3890920816
12.0373858833, 11.7440491499
10.6985682556, 12.2435931975
10.7664866459, 12.3698796377
11.1223685642, 12.7264892929
10.7866097212, 12.3003322678
10.8249797974, 12.4308406365
10.6845485094, 12.2438185472
10.5081434822, 12.3658750664
10.9550469775, 12.4525402438
10.8331456745, 12.4058868157
10.8685454058, 12.3290486798
10.7497573008, 12.4284521544
11.2228671359, 12.6674949725
10.9631196079, 12.4248319938
12.4687555616, 12.0054539565
10.5950798662, 12.3875606633
10.8820861712, 12.5165307187
10.6908725582, 12.3159001416
12.0964524137, 11.8197469672
10.7956405493, 12.2981153817
10.9513029292, 12.582788985
10.4994643398, 12.2494912936
10.901217529, 12.5000606945
12.7028477535, 11.0916266303
12.0201835013, 11.7916244698
12.9076139255, 11.056845531
10.7123618376, 12.2356977043
10.8301102952, 12.5303274647
11.0396529259, 12.5556189904
10.6415856278, 12.2875986757
10.9652568466, 12.3053551104
11.0256372961, 12.4748695864
12.1620613573, 11.8550780958
10.931737092, 12.3321081957
10.9053446244, 12.4750013448
10.9535080396, 12.5363629818
10.4254783511, 12.2868757092
12.1999824273, 11.7598087185
11.293868176, 12.7306312444
11.8875330468, 12.9522203308
13.0378084554, 11.271725542
11.8111262871, 12.6998169632
11.1639760664, 12.6998521951
10.660945209, 12.3422205049
10.8686177557, 12.255937873
10.8588778863, 12.205447646
10.8695179732, 12.1942308633
10.7010712219, 12.3451509113
10.571220456, 12.290715593
10.7074770541, 12.1609133526
11.1467734598, 12.4627795508
10.8151364437, 12.2064269196
10.7945082713, 12.3165801563
11.0695776793, 12.5288265954
11.1936879413, 12.4744716473
11.2024701245, 12.5027531957
10.8049113056, 12.2020698322
10.8532921612, 12.4898097314
12.0963995417, 11.6924648063
12.9687687007, 10.9892870283
10.6580606455, 12.2037031689
10.5516653841, 12.2622919566
10.9810685421, 12.4239320699
10.8107955808, 12.3591373188
11.7902536398, 12.764783912
11.4355565125, 12.6978759113
10.8461545856, 12.5148444465
11.2070506187, 12.6089641264
11.0094488273, 12.49933837
11.2531379302, 12.5607953786
10.7982325851, 12.0631206922
12.0792827831, 11.6999055694
10.8880270326, 12.4655601934
10.5441433784, 12.3072061003
11.9729931272, 11.574781416
10.5763667484, 12.3489234833
12.2656280137, 12.0164871728
10.5001606802, 12.2245610535
11.3670776244, 12.8102569416
13.0489785014, 11.0730304564
10.6846242055, 12.229579772
12.2593880077, 11.9949529553
13.2542367132, 10.9650466591
12.1095866411, 11.7926157388
12.7013545544, 10.7516858385
11.9026378809, 11.7062857764
10.6265610754, 12.392150223
10.9382430162, 12.4772748976
10.6884011313, 12.4143029592
12.2732528977, 11.9885799122
12.4317659786, 11.8685959642
12.1238606347, 11.7604640618
12.0486650444, 12.0403853259
12.1887410374, 11.9854131595
11.0256372961, 12.6571573792
12.2179020076, 11.8439378745
10.7636949721, 12.3533108018
10.7446995762, 12.3047376478
12.9604245879, 11.040267488
12.0307385832, 11.815100623
13.1761473644, 11.1667550663
12.3148747911, 12.0325412364
