11.9177418921, 9.11090644856
11.2653592188, 11.4488801674
12.1782129893, 9.46131268757
11.6360479885, 11.6239935974
11.4273552872, 11.4383715951
12.2852961751, 9.39242419389
12.1521735606, 8.89917653785
11.5023354939, 11.2550033918
11.5375675661, 11.4109875661
12.0851583521, 9.11415134079
12.3524510935, 8.92990246815
11.5324028628, 11.3769703827
12.3549015967, 9.16716028841
12.3521994565, 9.04082115682
12.1498268455, 9.28985462478
12.4259554871, 9.13373980454
12.2650647013, 9.13181570267
11.3469771883, 11.4306262286
9.9184786024, 12.0495829307
11.2200518878, 11.1885515101
12.6143921412, 9.85511468274
12.1277106306, 9.29341642129
12.0868543891, 9.50468956148
12.1508306265, 9.35461164426
12.089798103, 9.61930030366
9.88523125071, 12.0783767722
12.2732385164, 9.31544389861
12.0782450889, 9.1256238497
11.4093907018, 11.2065945591
11.1886850081, 9.03981075198
11.0071597739, 11.4079956928
11.3855335778, 10.7850267987
9.89245714393, 11.9911365424
12.2174420784, 9.00317140222
11.8433608858, 9.41599853365
11.8180686027, 9.26978739436
11.7229194497, 8.88241723623
11.905482108, 9.07678332282
12.0594786174, 9.06790425
10.9788584247, 11.0307737136
11.2638461475, 11.1596360533
11.3610991511, 11.1631882259
11.7070351853, 11.4900290198
10.0189524317, 12.366854423
11.5915539209, 11.3885716076
11.7583508805, 9.19050865495
11.6633554765, 11.4071802946
11.5423272199, 11.7070167413
11.4249173511, 11.5071326032
11.9214173997, 9.31696404005
12.352683141, 9.61535336638
12.0618092766, 9.14023635513
11.9152002826, 9.04639406502
12.017609978, 9.55404776748
11.9225715807, 9.2998324143
11.8261478784, 8.71886079316
11.8737261712, 9.14095970912
11.2663081592, 11.4256236736
10.0410027032, 11.7946665123
11.1334647498, 11.3265499043
10.6986475078, 10.6815012964
10.0645212621, 12.399648167
11.3262447244, 11.3522708113
11.9778663854, 9.11889283447
12.1963338665, 9.23138255912
11.1850810887, 11.4422414777
12.2374982239, 9.12631175555
9.50370935738, 11.7308502479
11.7743871128, 11.4399196663
11.6955254406, 11.4422372578
12.1214943204, 9.02513073734
9.92020060716, 11.8379413803
11.661977793, 11.3979444755
11.5620907127, 11.3150772101
11.6972655894, 8.53741683679
11.5908459226, 11.4732709689
10.1650566015, 12.4221753693
11.9407488097, 9.33030203087
11.6084623105, 11.6671090702
11.695882438, 11.6230981529
11.5436519514, 11.6648945632
11.0975700931, 11.4240241044
11.5779801242, 11.5563915923
11.9179080996, 9.21840404751
12.1444998568, 9.16308200071
11.2112299764, 11.4646350649
11.6088846008, 11.6269900676
10.811687841, 11.588244189
11.8920433258, 9.24180567217
12.2408279242, 9.39578819941
11.2936356515, 11.4110735242
11.9228305212, 9.29156047374
11.3414424822, 11.5254888371
12.3549839551, 9.38066686072
11.7625380415, 9.20404862294
11.9672316156, 9.21549603735
10.5519061408, 12.5005216202
12.285234845, 9.38992466656
11.6383844741, 11.603325142
11.6409781701, 11.7450351889
11.5890215932, 11.2940826255
12.2942236581, 9.08076973371
9.59895559463, 12.0008534358
9.41764184439, 12.0604536138
11.7365709125, 11.3971382011
11.5146575874, 11.3963354223
9.95876958085, 11.8977309948
11.2880827737, 11.3672279141
12.0225140906, 8.9249680509
11.7409289982, 11.5221525324
12.2716635363, 8.95873468619
11.9342457369, 8.73448405297
12.1243756072, 9.08571202467
12.3097624271, 9.0993018387
11.9839678747, 9.11001926637
12.2288287141, 9.13409939372
12.1599098796, 9.19201319451
12.0558578731, 9.3264824164
12.0763087581, 8.99266308427
12.4637614063, 9.00335712354
12.2555842431, 9.13477408093
11.3644959871, 11.3014460269
11.3740459707, 11.287875115
10.0316709587, 12.2831075639
11.5745978467, 11.3977237768
12.1720903494, 9.61420161379
11.5432101575, 11.6895640599
10.3884566839, 12.3416544761
12.0618079062, 9.48815030143
12.094442657, 9.31895740194
11.2368228839, 11.3965831601
10.2573717532, 12.4822748125
11.3425460132, 11.177595901
10.907559123, 11.2120681055
10.1686555386, 12.3033856156
11.9552245071, 9.47868747419
11.4992523889, 11.1741914106
12.3047237572, 9.27950741473
10.0649956809, 12.2290224919
11.4664454117, 11.3948350074
12.5947349591, 9.70720446039
11.3951040939, 11.050534463
11.9603901481, 9.2772631092
11.8355330991, 8.94092267033
11.3110595748, 11.4864333446
11.8967179402, 11.9617220673
12.1553182004, 9.25969122089
12.6036210286, 9.38443403082
12.2737754833, 8.85572703408
12.1299331099, 9.18182592869
10.8287832784, 11.5281756864
11.4514347116, 11.1243969381
11.4636820679, 11.3826020172
9.89230883103, 12.0093184157
12.2372120685, 9.47499539546
11.4549820174, 11.1618553653
12.1037157947, 9.16335347651
9.66812935404, 12.1651155175
10.154088621, 12.0102182964
12.209959628, 9.15271855846
12.260199414, 9.64966531498
10.9705503882, 12.667218265
12.2933277267, 9.18376317828
11.4009572324, 11.5418292985
11.2972786302, 11.3060165028
9.96202898664, 12.0752401572
11.2763884784, 11.0652604287
11.686594049, 11.4251074923
11.9524459848, 9.26992479993
11.4942163459, 11.3984439904
11.4171736863, 11.1808254056
12.2206345051, 9.61937327565
11.5370743477, 11.4752863926
12.2390997558, 9.2019277741
11.4922147377, 11.5270463034
12.1278280764, 8.77994402696
11.3828980681, 11.1811541071
11.438808519, 11.3926623396
9.84796180975, 12.137766825
12.1878731149, 8.96455504249
12.000804503, 9.63580804662
11.8919508031, 9.14127291746
11.8236291173, 9.29626836482
11.2617827649, 9.00145945
12.3537664908, 9.22531227058
12.0328288767, 9.20187581841
11.27402672, 11.1910346081
12.1289866534, 8.87543375894
11.4980085515, 11.4756414836
11.2199173816, 11.1072875229
11.9673640244, 9.48609141141
10.9640265064, 10.9637480839
9.80287345918, 11.9798085464
12.0216191239, 9.21767799858
11.6409464281, 8.82787833738
12.0559974313, 9.33524320979
11.8656219688, 9.55170091213
12.1532005383, 9.05299734518
11.4161791014, 11.4285137602
11.966987284, 9.19446519956
11.1596002278, 11.3391061313
11.8575891643, 9.56229221927
11.9364929807, 8.93830326323
12.3727226877, 9.40105920951
11.5338154224, 11.4951929138
10.9728435576, 11.0171627841
11.2664468889, 11.6037850154
12.0017148479, 12.1418119329
11.8172073167, 11.5911603974
12.096387849, 12.1285383834
11.9277420669, 9.50538251141
11.6325830389, 11.1229260184
11.7634668872, 9.29273015769
10.9890680826, 11.2382712999
12.1308629869, 9.3904955877
11.4901777561, 11.2049246876
12.2570758626, 9.17092528292
11.9997177904, 9.10253470465
11.913053222, 9.10067213226
12.0205771332, 9.41848149707
11.8164307025, 8.86876581083
11.2565394353, 11.205039714
11.9503502213, 9.42078925477
11.5868552106, 11.6120541326
11.155172251, 11.2099357163
11.4728205268, 11.4292127921
11.3744468104, 11.3635353006
11.3689050651, 11.4196761033
12.2405627505, 9.21147220632
9.81918956428, 12.077976918
12.0165342198, 9.44189078832
9.82886338481, 12.1037856348
12.3691138572, 9.94135874566
11.9912128886, 11.8711267298
12.2542148794, 9.16290070567
11.8363145398, 9.18279569103
12.0247858826, 9.42725086794
12.0293480306, 9.67050053386
11.4222759072, 11.2445802588
12.1834921332, 9.62439341889
11.3757400235, 11.4220106673
12.0065655909, 9.00638760299
11.2868999196, 11.0357015313
11.36779231, 11.2480470151
11.4782695031, 11.3259505259
11.7918378146, 9.35336460348
12.0249998363, 9.36277499681
9.87807585904, 12.0070881228
10.1678888352, 12.2913823699
11.9310467668, 8.99672172168
11.5308795119, 11.3665882506
11.5098916273, 11.301644828
11.4803023633, 8.84112432142
11.7874263427, 8.9438765082
12.025253579, 9.27577308189
11.781443994, 9.25586647173
11.9252192792, 9.43842451562
10.0529860799, 12.2402191564
12.0525498539, 9.01038463271
11.9690012717, 9.22270426859
11.4222804781, 11.4111000769
11.2599453052, 11.0189241194
10.1819504852, 12.2952785375
9.7924441175, 12.1122430611
12.0084040753, 9.16087761839
12.1133456099, 9.0269470026
9.86585397662, 11.8289097146
9.90085397319, 11.8613472401
11.7418308937, 11.527536687
11.1074419341, 11.2128385103
