10.9187136367, 8.23531138209
10.9247324951, 9.00063791022
10.3699429603, 9.06677916994
10.7672532019, 8.5260810324
10.419008585, 8.72314942487
10.6079886857, 8.66070779048
10.9564652259, 8.16802429084
10.8591951662, 8.25014869908
10.7412884116, 8.13988377194
10.6484837992, 8.98461754535
10.8220984866, 8.31863215552
10.749180492, 8.23244321785
10.1551688217, 8.17490712467
10.661923757, 8.41934151805
11.013278669, 8.55224061874
10.7016993861, 8.42018253225
10.7544361704, 8.54473428629
9.92732873571, 9.50125038606
8.79503838657, 10.7276880209
10.7410542566, 8.44343776788
9.85007062108, 8.68021856656
11.0951960122, 8.59764414878
11.1749239019, 8.85555685879
10.7906284919, 8.60940105206
9.2659862188, 8.53999927697
10.5711194918, 8.34241910058
8.51638838814, 9.53371328248
11.0961713873, 8.71253900839
10.4237344301, 8.73698991774
11.0718710227, 8.83423608271
10.8859429678, 8.630940326
11.0364621738, 8.32306752904
10.6746487388, 8.85753387798
10.6493574634, 8.93396482003
10.9889222096, 8.92276951859
10.1711037799, 8.4810843713
10.1513634236, 8.72569251007
10.2339774705, 8.54985980058
10.6713024438, 8.49357832032
10.5441712341, 8.4960101836
9.99613784757, 9.70383873558
10.0126577393, 9.95383441259
11.0308950814, 8.54975729533
8.62747205867, 9.62802197997
10.4116034281, 8.3868216763
10.842858529, 8.93473041161
10.6411984483, 8.51877379473
10.8239620395, 8.99722975924
10.689790182, 8.85340304522
10.8964634726, 8.45921829463
11.244293523, 8.71977685167
10.9955307524, 8.54037910245
11.4961836884, 8.58386529688
11.0284166639, 8.94329914733
10.4091067709, 8.72774335761
8.54083023155, 10.5464269496
10.7029933466, 8.64236713953
10.2216679709, 9.41165273907
10.5385726997, 10.3806403004
9.04377133366, 10.2357339986
9.26635986113, 10.7050092249
9.68932938539, 7.97007465267
8.49178283958, 10.1680257927
9.57413274793, 9.40467468035
9.80476006971, 9.82750820122
10.3722622844, 8.78732098914
10.8924525341, 8.5706739666
11.0454536949, 8.22583068395
10.6612913569, 8.64262463589
10.8465979276, 8.42211167368
10.8161227188, 8.77514211221
10.7844537467, 8.62664539805
10.8526339266, 8.55418941075
11.0223317143, 8.53999927697
10.0741464379, 9.92493363988
10.8400660698, 8.44240448437
10.8476977573, 8.45644220824
9.85419380178, 9.49577746439
11.1038247408, 8.75519783791
11.1448033188, 9.15061554194
11.073407446, 8.52523002178
11.2959374572, 8.4328616266
11.4348897751, 8.99396429103
10.5224781222, 8.27885783427
11.6714336461, 9.40494217854
10.9799961984, 8.51388165989
10.8289345015, 8.17813259966
11.2117933279, 8.69584240535
10.6914470875, 8.25848943531
10.4982228577, 8.54936673016
10.9944191606, 8.57739396053
10.7976765909, 8.2145030389
10.2046953846, 8.62232403634
10.6718385867, 7.990372645
10.8107955808, 9.1308241074
10.5677007197, 8.44462236478
9.26792663619, 8.44973759649
10.5283742237, 8.45626056931
10.7415408607, 7.81928695723
10.2348886417, 8.8595196623
10.4630355812, 8.89275439419
10.9699794734, 8.41748546463
10.9060188157, 8.54975729533
10.9483562882, 8.71977685167
10.5472242433, 8.34919236471
10.8699111555, 8.34504316722
11.2886598928, 8.81791727993
10.7132255641, 9.14892541276
10.7562834876, 8.94492104197
11.0359079831, 8.37909681052
10.6218167689, 8.37959023006
10.7853096456, 8.82549673199
10.9600060295, 8.3894298386
10.853301503, 8.59409623954
10.2518662346, 10.4879334133
10.6548074688, 8.30920909801
10.7863820048, 8.20259751098
9.24651409626, 9.24365732041
10.705658079, 8.50183107908
11.0407796928, 8.54083023155
11.0364621738, 8.61803064273
10.9033478712, 8.49106710116
8.86466916044, 10.4157469066
10.6884323207, 8.40724228447
10.8674653479, 8.62513506107
10.8195295026, 8.31620160766
11.0998635025, 8.51537810826
9.27175972204, 8.3628273536
11.5170235403, 8.88291860501
10.2233133449, 8.42792359134
11.5971062008, 9.33329621831
9.35835691362, 9.17533013775
10.6523057383, 8.56830227334
8.91774925674, 10.6537301795
10.7908031548, 8.58014208315
11.2107467381, 8.55224061874
11.7261184274, 8.84332269
10.679725346, 8.47261124089
11.0592514693, 8.75943654156
10.8516701438, 8.75183572167
10.1722761835, 8.07028557219
11.6988241523, 9.42706831429
10.578010287, 8.72374023228
10.6849036365, 8.74246910157
11.0473902508, 8.40249575322
9.47761017191, 8.30920909801
10.9042848676, 8.08420381676
10.4416802353, 8.65941746342
10.6586262729, 8.19690732822
10.9638495621, 8.08420381676
11.1911899619, 8.69645050072
10.7544044986, 8.91328882046
10.812084834, 8.69975048217
10.0200563848, 9.78997596364
8.88097176972, 9.99567648755
10.5070843967, 8.69776295419
9.71216898463, 9.76809545531
9.83379761341, 8.38857750865
9.54455167685, 9.81923659512
11.0522509903, 8.17490712467
11.5162181125, 9.03377095208
8.7613164198, 9.27532835502
10.8785613307, 8.45240188214
10.9122939228, 8.84371678084
9.39302503146, 9.94547647198
9.88192256704, 9.6492161034
10.2571161528, 10.0930026868
10.9113314198, 8.3507014434
10.3087703885, 10.0169998263
10.5566994457, 8.57276567286
10.4994643398, 8.46442049019
11.4805518596, 9.03642610067
10.9927909596, 8.62870639132
10.6551250196, 8.58816345065
11.013278669, 7.69317601509
10.8779102937, 8.31620160766
10.6153461828, 8.48709287958
10.7380796994, 8.25496663181
10.7677110727, 8.62050577318
11.1117076373, 8.41400534677
10.7257391323, 8.39678358955
11.2303754068, 8.9041953169
10.2979219851, 8.69131995803
9.9506670046, 9.86582046285
10.3732176957, 8.36293781993
10.6200494476, 8.59710683048
10.5839320953, 8.82196194339
10.6863443397, 8.14593946673
10.8872489319, 8.6517012777
12.0119883973, 8.89855973846
11.1950616948, 8.58017799496
10.5194608794, 9.34277691644
10.4986981817, 10.1004244667
10.5832995159, 8.66168216724
10.3199873376, 9.79651009221
10.757836293, 8.73298840343
9.31042200561, 8.78149970086
11.3363093473, 7.96820105525
10.7220679211, 8.54470871261
10.0607871771, 9.5883088093
10.8507155049, 8.9190183622
10.9832850224, 8.70181205165
10.4893437679, 8.66957863578
10.782142647, 8.73409259686
10.9958978484, 8.325793422
8.73009729934, 10.4863743288
10.9439405414, 8.95563839906
9.8199695632, 9.07172152635
10.586750344, 10.4848804824
9.65498893508, 8.9292089972
11.0596315216, 8.9275195284
9.26698492797, 10.5085398513
10.4220871194, 10.0267950666
8.85456093101, 10.6682127495
8.89275439419, 10.6257281018
10.8608648648, 8.37327755334
10.7240224617, 8.65506241329
8.87633178935, 10.3725326829
8.30758120432, 9.14892541276
8.82800203569, 10.0261169891
9.03377095208, 10.3973446743
9.14693399533, 9.58093243797
10.7006017816, 8.64617969307
10.9776975312, 8.62969485728
8.78869188799, 10.6504945868
10.5714562377, 8.59409623954
10.0021719181, 9.83585083571
9.76676827575, 9.90721413591
10.7799592133, 8.48328015087
10.9436593175, 8.8908123587
10.8602245029, 8.71977685167
10.4237344301, 8.5092930966
10.1299484722, 8.67642090325
9.65886845527, 8.89275439419
10.7317827137, 8.73562733413
10.7171010526, 8.22876420251
10.8454658332, 8.52852310058
10.8892885907, 8.66274022649
10.74542068, 8.5116453689
11.3706772799, 8.65049530598
11.1535241453, 8.5984337445
11.3979230909, 8.49191268597
9.46350903836, 9.43558800936
10.230826218, 10.089049233
11.2659824412, 8.29374939629
10.5885404959, 8.46766815846
10.487820527, 8.48469938242
9.48056875125, 9.43688008535
11.0201583047, 8.51761100507
9.78883050335, 9.17497207603
10.0384617358, 8.65791939891
8.73623216069, 10.5289255391
10.6718599943, 10.3822583649
10.4929178902, 10.1370193689
10.7939537618, 8.58687465866
9.44826485938, 9.24968337849
10.5410005093, 8.74361796928
10.1866941749, 8.98099763768
10.3004886536, 8.33792307573
9.90199398145, 10.0210289015
9.94451341112, 9.52041570915
9.23884864276, 9.9785070294
9.95485574412, 8.38579024845
9.70870571338, 9.78049526551
10.6559783658, 8.34241910058
10.2198117785, 10.3756975629
10.0063582041, 9.82170879269
10.0363575341, 10.0741913942
10.0889738406, 9.32342518044
10.2135966263, 8.67625241665
