10.7789254225, 9.62221730914
9.6756069655, 10.620391962
10.8540079733, 10.8139919288
10.7144031457, 10.5255794828
10.7200158745, 9.55965913829
9.38919285333, 10.9378281121
10.5939545441, 10.395365053
8.94890742497, 10.710270187
10.2077154131, 9.97071511492
9.24568034825, 11.1749660226
8.84436516802, 10.9595853289
9.14349154581, 10.6707719849
9.12996062103, 10.7026582449
9.09073714428, 10.7445067283
9.08080793509, 10.6648364976
10.4877542802, 10.0464209894
9.16550889042, 10.9761419488
9.35458684262, 11.0530020523
9.56166477267, 10.8419987249
8.84573767362, 10.8442649178
9.71804962196, 10.7540538646
9.08801726221, 10.3281610259
10.5796874673, 9.7177517901
10.9296163261, 10.8763287346
10.9417255106, 10.0078269421
8.85827806866, 10.6986925711
10.4411177767, 9.80390581748
9.05388673124, 10.8937474368
10.6644195502, 10.4163284425
11.0538237977, 9.72486545012
9.65971364756, 10.7089637648
8.65303612067, 10.6614168592
9.20255732372, 10.7570070186
8.95508706847, 10.9937697006
9.38000330101, 10.7315559073
10.4048295435, 10.3939762821
9.47771909909, 10.7073607464
9.38211473604, 10.9711210239
9.14909663149, 10.9520980676
10.3810317868, 10.1838119307
10.7038595783, 10.4477667064
9.4022953613, 10.8647926379
8.96754878899, 10.6340329402
9.55904374438, 10.6869205945
9.29336542197, 10.8003467098
9.62604934336, 10.7824383794
9.1628352008, 10.600823078
10.6200262339, 10.5222691827
10.6127405902, 9.7185819737
11.0402552571, 10.0616213657
10.203666866, 10.2891642167
10.368888228, 10.5072716199
9.1670796592, 10.8951767347
10.8758543959, 9.73669790772
11.1396155881, 9.59490966414
9.54423925133, 11.3221811395
10.4071084994, 10.4174842953
10.4179496835, 9.81813353726
11.1359306429, 9.73533213892
9.61296959839, 10.8616371549
10.5434072584, 10.3005981284
10.6358677295, 9.59460471668
10.1854804967, 9.75939934153
9.34091440924, 10.530524685
10.6603276351, 10.2971684706
9.20791620403, 10.7095456578
9.19779601468, 10.8186982489
8.86085908071, 10.6224744422
9.1142330381, 10.6508095606
9.21058624513, 10.9298118466
9.41504129883, 11.0265704788
9.06045759031, 10.6110975156
9.12554796529, 10.644432447
8.97778670602, 10.9962045294
10.7724296517, 10.4016846795
9.16477484474, 10.590785949
10.6987066958, 9.42207673438
10.5717260831, 10.3767344988
9.87397653349, 10.7457419658
10.1325309358, 10.0871492905
9.72687073677, 10.6164843607
11.0811001292, 10.1013983493
9.68860261442, 10.8239623962
10.9944878191, 9.80525502707
10.462703176, 9.82158751578
10.3587529713, 10.2936468597
10.3166022257, 10.2447595196
10.5389677996, 10.3839465471
10.5819006655, 10.4595553935
9.17578259632, 10.5277884151
9.11146363383, 10.7253817179
9.26611055159, 11.0874299573
9.53828862655, 10.9192099124
9.17406737393, 10.5015822718
10.681579029, 10.6253917132
10.8444288404, 9.49747573124
10.318988726, 9.99337191469
10.4177920635, 10.2956045913
8.98912020241, 10.4529244715
10.8722307703, 9.6721131004
10.2679712245, 10.1793708866
9.17218895444, 10.8187180169
9.29090043783, 10.9500633645
8.8340378599, 10.4304009157
9.1041699362, 10.6323799557
9.34199464641, 10.8297478684
10.8658193891, 10.2108703458
10.3261627319, 10.2281370201
9.24764976074, 10.4929959868
9.05129413176, 10.8521598287
8.88802553902, 10.8690894293
9.06872032618, 10.9275849967
8.97793892081, 10.3699433332
8.9675682264, 10.7679747211
10.711625634, 10.4547401215
9.11180340926, 10.7355267114
8.99487351807, 10.8253273759
10.7880207566, 10.3617808922
10.6562825488, 10.3460731568
9.21685773165, 10.812999835
9.32094917368, 10.6891162127
9.21535730673, 11.0289398466
10.5826580296, 10.2247516058
9.63691860863, 10.7216805058
10.1685662337, 10.1851641763
10.79485253, 9.78753810105
11.0344152857, 9.73682504809
11.6363005739, 9.95847319387
10.8686566704, 9.93136051465
10.1922748516, 9.9469967944
9.54816570375, 10.6697903197
9.52968584113, 10.8572788129
10.2131768613, 10.1636616176
9.37501955632, 10.8171888745
10.2280200456, 10.1648888667
10.4866099381, 10.3647961296
10.2232220206, 10.1116544257
9.08715127588, 10.7699454495
10.8258775705, 9.59129801076
9.06686702962, 10.1888143573
9.44409982184, 10.9843122771
9.61606139637, 11.1627144728
10.7296414928, 10.3309151085
10.4068766256, 10.1988051285
10.4763797132, 10.1833459374
11.3136403344, 10.1152232021
9.22907955559, 10.8133012802
9.29264600071, 10.8732466541
10.41556747, 10.3133691851
9.00543433566, 10.7479888476
10.8798596437, 9.53655274931
8.76865504902, 10.5149687788
9.19606972946, 10.9447899372
9.56227773916, 10.7639823966
9.49239090582, 10.9705830439
9.32291319856, 10.8684490245
10.5467879402, 10.1907798262
9.16856670766, 11.1214117195
10.5792687735, 10.2774211892
9.01246114254, 10.7230475982
10.4785123871, 10.1537014511
10.5078072587, 9.78368136522
9.13031931703, 10.4238747295
10.3475832638, 10.2370777218
9.49801895228, 11.1648918013
9.95165149591, 10.7279073802
9.45770190162, 10.8318544581
8.95366638754, 10.8850095112
10.4352234667, 10.1409190089
9.29011135273, 10.6274755737
9.28960064329, 10.6435218502
11.3691978396, 9.63056552592
9.36285362169, 10.8990747852
9.27604353865, 10.8175952231
9.1529656307, 10.7801380273
8.99278901948, 10.9221234075
8.97276327981, 10.5824205805
8.98137465768, 10.6326374729
9.01406541606, 10.4685350889
9.07654224441, 10.9836592169
11.6514084922, 9.73703873259
10.2531728132, 9.98008524143
10.7265660831, 10.5000072373
10.8361467707, 10.5158754056
9.05396459722, 10.6239104087
9.17862825149, 10.8178780842
10.4365390022, 10.3780990306
10.5899805759, 10.3380902295
11.0248908498, 10.0050830986
9.10028056404, 10.4895917634
10.4023122158, 10.3883081519
9.88815518211, 10.6479566216
9.62850747051, 10.3714570472
10.84434001, 10.6108108954
9.53611429626, 10.5600528994
9.74700238145, 10.8910031059
9.62070703917, 10.8891797435
9.08865542701, 10.9853921276
10.26549854, 10.2291155438
10.6223343216, 10.2384025666
10.5550240833, 10.468305741
10.9565118599, 9.61882374792
9.33522859939, 10.4025173508
10.4594401944, 10.2617168634
10.6972431675, 10.3873290826
9.77918676844, 11.1290534582
10.4624169583, 10.4043008898
10.8268648871, 9.75511898945
10.9835970432, 9.37982494819
9.74855274701, 10.2987860464
11.1077291804, 9.71639447311
10.4603081029, 10.3390703356
10.5896067659, 10.3418541399
9.637534788, 10.7204489282
11.0231264035, 9.48349855776
9.01502520195, 10.9449758444
9.18548897443, 10.8403563628
10.5025101976, 10.1169528324
11.2967954495, 9.61471274124
10.4007020175, 10.1901147455
9.58214186893, 11.2666176539
9.53690380164, 10.9979594944
10.8110476317, 9.93883713427
9.37873499679, 10.6861485853
9.5509320197, 10.7329726164
10.5882806555, 10.2783553773
9.59181241662, 10.6071289159
9.65885367344, 10.9663242191
9.17082750432, 10.6027175796
9.17098361814, 10.8631196578
10.2879205429, 10.1221072975
9.09619977357, 10.3990867579
10.7245120263, 9.3968608223
10.4501687882, 10.1153566149
8.98814411004, 10.8434221624
10.7138269793, 10.4208932857
10.6326153707, 9.69710093738
10.1944630222, 10.1382734518
9.78159390163, 10.7054256339
10.4137908013, 10.3199982582
10.8397652066, 9.67773108128
10.5914975022, 9.75765662001
10.0410715501, 10.9048490036
9.44183653363, 10.9105843385
10.4351198477, 10.3985120643
10.7789931468, 10.4438773887
11.146101736, 9.52020670782
10.8059889121, 10.4124963161
10.3077773142, 10.2931188016
10.3301779174, 10.3953555879
9.58451807563, 11.0439606787
10.4585231608, 10.217552303
9.33417715347, 10.8440045617
9.47007021609, 10.9705745687
10.3548969315, 10.1062004667
10.2039563967, 10.1030638592
10.2787848998, 9.97221083323
10.2786393085, 10.1807917331
9.57800045813, 10.9112532411
9.598212647, 10.8459128471
11.0342724807, 9.84646444463
11.6926339037, 9.95386319379
10.7625811005, 10.6664130824
10.7090107348, 10.3023092391
8.91252531943, 10.4944795778
11.4497793749, 9.69506342345
10.7854108258, 10.6013820043
10.5969081462, 10.5668332776
10.8463719779, 10.5198300706
11.0795388099, 9.92348742281
