8.1369393226, 11.5201814167
9.89197131112, 10.7088857625
10.5642428678, 11.1944706892
10.1434007626, 10.8385522795
9.45027652486, 10.6932539867
9.77924604114, 10.7072265903
8.346837106, 11.3741657248
10.7941314962, 9.49962351188
10.777509012, 9.26004645066
8.00514956635, 11.3947436313
10.4923081057, 9.38534026898
10.1951572056, 10.7878833796
10.4603941797, 10.7801216755
9.95981325663, 10.8172776609
10.1326953911, 10.8116887083
11.037384617, 9.51883164739
10.8564947123, 9.50506061605
10.1026582994, 10.8609378095
9.62674000535, 10.6614916452
10.7251908503, 9.54923809472
10.4150813717, 10.8782557297
8.55095016639, 11.1390221709
9.73404424382, 10.7059284645
9.95159370253, 11.0315104024
9.94452585363, 10.8074251318
10.9558486949, 9.4334411942
10.500766725, 9.47080374005
9.89458665672, 10.7575629789
10.3448008761, 9.82600432934
9.51639725821, 10.7565917382
10.0720411974, 10.8718067081
10.7399846716, 9.53725233787
8.23049953594, 11.5152159352
10.7170099089, 9.50862101055
8.44013498242, 11.1379004553
9.77249961977, 10.6724654979
8.36944907082, 11.4262265845
9.81158939039, 10.7439981687
8.38703066109, 11.4718687084
8.29782591423, 11.1463490056
10.7471332394, 9.61131250196
9.92208081996, 10.689493319
10.1925704165, 10.7353581179
10.795463804, 9.76631964317
10.7295776662, 9.70910461085
10.6460337558, 9.64098553557
10.0459372408, 10.6443736823
10.7043639211, 9.98545336429
10.2601771074, 9.36343110854
9.89639172259, 10.7214979172
9.35342998995, 10.6822077537
8.18760259711, 11.476304311
10.952576169, 9.0624304128
9.79595108625, 10.6657714138
10.6251667166, 9.70173042057
10.9502998686, 9.68174180845
9.38134879875, 10.8035773896
9.3781172087, 9.91785910804
9.55833387506, 10.577620084
9.77491250811, 10.644051541
9.87486583677, 10.7824559573
9.64084764974, 10.7405010703
10.7556456133, 9.67117078021
9.87424205509, 10.7737661102
10.5980179041, 9.53388292596
8.33086513532, 11.3933390414
10.8125293239, 9.48151270265
9.81050403609, 10.6532703214
10.4257068082, 10.6755520616
7.94244710304, 11.4493659834
10.859541794, 9.56478849114
9.91460311096, 10.7077250513
9.97879254428, 10.6694407469
9.98545261859, 10.597921477
9.73682185077, 10.7525979996
9.99735161879, 10.6135961913
9.65654494222, 10.7208803958
9.61925516811, 10.8759262969
9.59531014578, 10.873132294
9.92335557789, 10.6359241623
9.718060573, 10.5809151959
9.82273308166, 10.6624862819
9.96469186244, 10.8986907664
9.66706041536, 10.8694838165
10.0924592488, 10.7611526919
8.31678732868, 11.4044637996
9.54704172604, 10.5226248352
10.9092960886, 9.68698722623
8.42921317465, 11.4459699366
10.4017607079, 10.8055812107
8.39595718636, 11.6980338771
8.09666237648, 11.6105974094
10.6703889842, 9.27176403687
10.0707374147, 10.7369357167
8.97917422908, 11.5085428928
10.5971334388, 9.52859875047
8.33213666826, 11.3053662662
9.82151359782, 10.7769237431
10.830726164, 9.18338888333
9.74170521108, 11.0786792999
8.68367105329, 11.2562128632
7.98992593221, 11.4266359256
10.3791295358, 9.44900331925
10.8198930163, 9.48900810941
11.0465055865, 9.56385247341
10.6209622649, 9.4495517394
9.76674021275, 11.2860887713
8.72519694015, 11.3447299551
10.0712061954, 11.0221312193
10.3152233935, 10.7061953153
10.2646644448, 10.71366578
10.0609601555, 10.7219327374
10.29089064, 10.5739223852
10.1143999194, 10.6243940096
9.80278488652, 10.6971868669
9.94042253236, 10.7557783533
7.65679653107, 11.3830620318
10.5976404747, 10.0291528605
10.2101160388, 10.982486146
8.22738369355, 11.454028951
9.9342994256, 10.7596084849
7.81856503555, 11.5264661463
9.75610246821, 10.8212191301
9.44824985086, 10.7244333243
10.4157099406, 9.51511218745
9.62232090241, 10.6922568189
9.96230377771, 10.8669665893
8.54431751982, 11.5871521568
9.95470618879, 10.6466778691
8.383506869, 11.2512156065
9.86907060953, 10.8140308999
8.22355531011, 11.3038834716
9.92933541884, 10.7531243403
8.8161852202, 11.573435541
10.5990264572, 9.32505116604
9.89965146169, 11.0469682623
9.85069279715, 10.5962486705
10.0621737925, 10.7467656259
9.69830924731, 10.5443706384
10.9790228192, 9.36663203455
10.0821267838, 10.8399216931
9.96656316077, 10.860601132
10.0572916276, 10.9458995894
9.98462813812, 10.9539562234
8.19097387184, 11.4894702058
10.0857065079, 10.946331384
10.1515845441, 10.7316421171
7.85776754162, 11.3551979672
8.03759763336, 11.5040158751
10.1317957065, 10.6421472212
10.1089968181, 10.5946000696
10.2780109743, 10.9649720629
10.023590541, 10.4738048137
9.85580990705, 10.6683959136
9.55782109806, 10.6338975005
10.5458661847, 10.7920961304
10.0001718001, 10.8959838362
10.2021542436, 10.8060888042
10.6416376541, 9.87927161401
10.122804854, 10.5944621006
10.5885471315, 9.56792905509
10.0572266996, 11.040553767
10.1359741623, 10.7080307138
9.97994903267, 10.8904650965
8.35588024101, 11.4796589888
10.1027210363, 9.89226460289
9.69151338257, 10.8267379267
10.1244569717, 10.7261844209
9.85530657411, 10.5513377631
10.0716626127, 10.6794464818
10.6128497498, 9.48477803441
8.37511700964, 11.5334513577
10.8564267229, 9.61366175235
10.0075614239, 10.691936736
10.7268160814, 9.42619152132
10.2790398154, 10.9126384384
8.11565174101, 11.4642938893
8.34444811102, 11.4027473926
8.3027896054, 11.5517076227
10.142915048, 10.6310207287
10.3604995634, 11.095791408
10.5098791663, 9.53848139019
10.1254756022, 9.94666990009
8.37822200116, 11.4646975859
10.8744385967, 9.55755139053
10.3185160708, 10.9630098807
9.49760527413, 10.5692335925
10.1520934403, 10.8072654514
9.50801512425, 10.880753545
10.5657921774, 9.27975669656
9.68636855677, 10.7604451402
9.09287679298, 10.644505904
8.46854267173, 11.071025464
10.6934998838, 9.48921801595
10.3179264897, 9.68534018405
9.77974071426, 10.7450162922
8.61226203346, 11.5211380967
10.0783357432, 10.758899326
8.44237653005, 11.3739429621
8.31016570884, 11.6180059049
10.039588677, 9.98281650819
9.8783914969, 10.7452913299
9.6745136014, 10.4775578396
8.39784653114, 11.3941105661
10.1379034112, 10.8562365285
9.84067947914, 10.7285801563
10.6012425824, 9.79412564052
9.98054870268, 10.9048184067
10.4009400209, 11.1288862547
10.7455203041, 9.68144675028
10.8336464788, 9.69472826195
9.98226660911, 10.7360414631
10.408566772, 9.71499728938
8.44062122568, 11.0270900871
9.3952119235, 10.4150809828
10.7806973055, 9.43319598931
10.6058269047, 9.40522064126
10.1405368038, 9.71201385689
8.41548341579, 11.6312463335
9.4874042951, 10.5443584474
10.5431221064, 9.8569052033
10.0755288007, 11.0216109712
9.95103998513, 10.8584081659
8.54101335673, 11.3792362648
9.93127482657, 9.57902231132
8.65214093297, 11.3753580744
9.80977876506, 10.5691506309
9.92250289936, 11.021275726
10.2081943419, 10.7855814076
8.2973550626, 11.3537605545
9.50809441228, 10.8027224246
9.80726743356, 10.7080992358
10.1013115185, 10.5773589503
8.13007251684, 11.2720336062
10.047225675, 10.870164951
8.88003156146, 11.4886322455
9.84550486163, 10.6231080211
10.6237593526, 9.60570844187
10.4113122842, 9.76358813568
10.6728064659, 9.5448355826
8.29608963419, 11.2410354935
10.1309788805, 10.5291258368
9.6513821017, 10.8763482529
9.36673370576, 10.7383584256
9.60831396012, 10.7524734973
8.33309770196, 11.4682467478
8.51382510996, 11.7826632372
10.4356570303, 9.86842048197
9.69063881708, 10.5449037552
8.20755812715, 11.4642355173
9.59731041892, 10.8802009192
8.24482867506, 11.5205623117
8.08053929242, 11.3309333585
8.50708494187, 11.4708175015
8.21448244442, 11.3680714804
8.42939894801, 11.3516838446
10.3863423156, 9.65136403901
9.7565460475, 10.6907891542
10.0163150251, 10.886713856
9.55341302658, 10.855255475
10.3228560198, 9.46783145233
9.50590711225, 10.951594837
10.2863765186, 10.7878112903
9.49612938145, 10.8028891003
10.9011123909, 9.23070755444
10.0290659379, 10.8921967727
10.4132236508, 9.41552611483
8.32682122894, 11.3719453633
10.8733549194, 9.84436079192
9.76644749159, 10.7113593178
