11.0330743609, 13.2142794004
11.3762767884, 13.1866878517
11.1485435551, 12.8453195504
13.08170372, 11.6265671488
12.1565377099, 13.2680136921
13.0221475083, 11.7328532683
12.4806811694, 12.5800298452
12.5402571157, 12.524810164
11.6341639553, 13.1038673641
12.6033838895, 11.3690475355
13.0211586108, 11.5521732193
12.9853306929, 11.4231607331
12.6228720231, 11.557829722
12.4657882162, 12.6478444661
13.0296542017, 11.6877009286
12.8896372514, 11.6721579907
12.8353412685, 11.5489040791
13.1390699513, 11.4580931178
12.4432047368, 12.5316765581
13.1234633551, 11.7208801061
12.0598504801, 12.3707261578
12.5627244711, 12.818818636
12.801149209, 13.006141274
11.2294963367, 13.1992584064
11.6060348739, 13.330115265
11.518166785, 13.1701858626
12.8334887212, 11.6283206326
13.0510931944, 11.5519782184
12.4424737569, 12.4616336288
11.0665834945, 13.0373694265
10.8862007924, 13.0781350045
11.4844639608, 13.1985448893
11.463833328, 12.9602356607
11.0701450633, 12.9569390703
12.993381906, 11.5676610432
12.9988703167, 11.5972854432
13.0654045899, 11.7616043282
12.4308511622, 12.5403872632
11.226102652, 13.0165472203
12.5693585177, 12.697944677
12.4605856875, 12.5695935911
12.5750716481, 12.6822205501
13.0128878238, 11.6299746853
12.7764232646, 11.535774693
12.9201755414, 11.5153775369
12.4924423554, 12.7040890939
12.3828831296, 12.4049814571
12.472064064, 12.708819581
11.7203227402, 13.3591111891
13.0988724306, 11.9137281211
12.7765783356, 12.9166425588
12.4270950611, 12.9068011745
12.7541656673, 12.8150853196
11.5179859753, 13.3000611158
13.1909970663, 11.7980766195
12.402706377, 12.579741725
12.6576847896, 12.6935453607
12.3373770721, 12.6702719862
13.0512701938, 11.5843213145
12.6640225897, 12.7099061306
12.9091239511, 11.4107701219
12.5101153149, 12.5724822536
12.2247059593, 12.5680236989
12.4390122265, 12.5538497883
12.9569838114, 11.6096072168
11.3133960304, 13.1666328754
13.0999094961, 11.7517702009
12.6726071149, 11.4759713056
12.8043742385, 11.5598510813
13.1327601079, 11.7117386421
12.7488102023, 11.7279696866
13.000961527, 11.7670190821
12.7065460681, 12.6923460427
12.3619641927, 12.4913223312
12.2581117849, 12.6096890415
12.7353053559, 12.7761349281
12.5186360336, 12.7136726388
12.6358333066, 12.6926965033
11.6631843008, 13.2078862551
12.3183002823, 12.6313782288
11.3152572716, 13.2422772456
11.5331463795, 13.157264369
11.3499523409, 13.4348641607
12.63097691, 12.8086988065
12.5772990062, 12.7840474298
12.9439891528, 11.6543458412
12.2108739144, 13.3085224225
11.092117949, 13.1397109377
13.0408229795, 11.9022765503
13.0666217039, 11.7758076874
13.0790288503, 11.8138455421
12.629424322, 11.3419031707
12.6989089949, 11.5695392827
12.6047832957, 12.6215748642
13.1785541643, 11.8521892329
12.5748916291, 12.7614567811
11.4616509102, 12.4812638665
11.6475690722, 13.1926528357
12.4934015498, 12.5490200129
11.572490124, 13.0561839931
12.4558874981, 12.656914355
12.4783928018, 12.5395947423
13.2626465388, 11.6090895733
12.6149820405, 12.7904634731
12.9618391096, 11.6155480551
13.0513647424, 11.5765054752
10.8903321862, 13.5065933337
12.4063001356, 12.7150147003
12.5661601259, 12.5971801594
12.529742577, 12.6644248883
12.5077205399, 11.3468712662
13.0320719214, 11.6734152055
12.4696686242, 12.4083320355
12.4057252633, 12.7560428286
13.1226242708, 11.6307412435
12.3392342356, 12.6558794712
13.1933393945, 11.9445260678
12.4468212469, 12.5835051113
12.579436072, 12.6967443497
13.3278061319, 11.6619046886
13.2186360339, 12.0153863119
12.7984618573, 11.5384045989
13.2558356081, 11.6979963072
12.774429586, 12.7044907715
11.9438488802, 13.3354989078
12.800396795, 12.9546530313
11.9801241635, 13.5579994577
11.5119259316, 12.7829937628
11.2988485836, 13.142101009
11.8677324034, 13.201564225
10.9854127226, 13.1528545072
12.4505423976, 12.6676568696
12.7439372868, 12.692721713
11.1838930327, 13.1239821607
11.7129443745, 13.3041833543
11.4750449009, 13.1252268241
11.6370834309, 13.1185097817
12.3484071679, 12.633949785
11.5178954071, 13.2677110087
12.6949468191, 12.714542493
11.2121068179, 12.8939449041
12.2595272503, 12.495522438
11.3780105358, 13.0708527013
11.1106261025, 13.2296361766
12.4716881764, 12.6350304952
11.4073070955, 12.8273355117
12.976349369, 11.5322549929
12.9408959641, 11.8025614494
12.4203517696, 12.4433139926
13.1514246084, 11.5276342697
10.9121744112, 12.9833350807
13.09741784, 11.4281884525
13.0338435348, 11.6559815331
12.9543250189, 11.4943931171
11.8376548101, 13.3372587137
12.3540461302, 12.5551376426
11.3511951222, 12.9773143061
13.3087688014, 11.6557524514
13.0846506151, 11.6115411867
12.5736034581, 12.6813919165
12.635213262, 12.9151534662
12.2193727125, 11.7907049438
12.6717162668, 12.7133002344
11.5936345291, 13.3743155409
12.7271663305, 12.5255308076
13.1595512895, 11.7231368196
12.5147788943, 12.6039945531
12.366441997, 12.3936013673
11.5440816198, 13.1075569045
12.2569322048, 12.331042561
12.996696637, 11.8451759358
11.2068407953, 13.4294311164
13.2586933895, 11.5927956872
13.0700046255, 11.8111985168
13.0292142892, 11.7050166018
13.0781368846, 11.6812909773
12.4097571958, 12.6109743475
12.5021570007, 12.541607761
12.3875907921, 12.4586137639
13.0606768617, 11.5398409772
11.9297264594, 12.3154193026
12.518741601, 12.67059034
12.6054151193, 12.6326372853
12.6463519407, 12.5162848068
11.4310434449, 12.6428368587
11.4278834343, 13.0244509412
11.1863484981, 13.1164874347
12.4804630849, 12.6566600973
12.4295448293, 12.632812814
13.2002277385, 11.6370296656
12.4133551145, 12.6501018485
12.4859551442, 12.620126417
11.6085395724, 13.1755742912
12.9062945446, 11.4188843309
12.6838670111, 12.8016692268
12.5134543778, 12.7291926178
11.4921253138, 13.1733462236
13.259856058, 11.8283366904
11.2029083574, 13.1423759506
12.9491514866, 11.3033324802
11.5596661177, 13.1631209689
12.464475053, 12.7244826271
12.4400948533, 12.6409573117
11.7883831152, 13.3715249831
12.6639502068, 12.6658329366
12.2890198445, 12.4521308847
10.8954298087, 13.061915227
11.9050683525, 12.1040969318
12.0648229131, 12.227473009
11.5643752851, 12.5836593997
11.592070945, 13.2987295529
11.5408477876, 13.2105536395
12.6461233213, 12.598283491
12.5438675426, 12.7071679531
11.7755468894, 13.1485220774
11.3936583688, 13.0691154558
12.6342661219, 12.5809729279
12.6681914411, 12.6574469687
11.7631298642, 13.192310786
12.5860313367, 12.6421707293
12.4518868259, 12.8518422789
12.4399846249, 12.5802827591
12.6539994829, 12.8411332567
11.609592333, 13.3282331847
12.6886951602, 12.8715742492
12.664941542, 12.6132350662
12.3160530725, 12.5363449231
12.4836646332, 12.5869502491
12.9530103799, 11.6095976869
13.2498509879, 11.633421348
12.3868369377, 12.8028607784
13.0169455721, 11.8411093447
11.5254321268, 12.3655010935
11.6400833977, 12.780073762
12.5910641388, 11.3877043179
13.064259006, 11.7662401001
12.3280366663, 12.6694177092
12.4620855603, 12.7302745686
12.0017038524, 13.2850755657
11.7088684298, 13.3406006795
12.4369669607, 12.6768813081
13.3423086204, 11.9222984468
12.3229533476, 12.2813775741
11.3102437187, 13.2445489258
13.2177184498, 11.9126455933
11.5893555334, 13.0334793975
12.2114332597, 12.5432323282
13.1136347903, 11.7724456919
11.7703943394, 13.2589046938
12.2090622837, 12.5148908815
13.0717363895, 11.8336969868
12.5191653452, 12.5896798494
13.0513507671, 11.7306778918
12.2607966022, 12.5123280228
13.0587891258, 11.5720313403
12.451961683, 12.5669565963
13.1975876309, 11.7061222863
12.5498830078, 12.7360901764
11.5292041266, 13.1082053439
11.2696971572, 13.1204060144
13.1828366809, 11.8200813592
13.1795455991, 11.3424881187
11.8949103563, 12.4089985535
11.6591302934, 13.2783939148
12.9925990451, 11.6508766512
12.4025291091, 12.6211490585
12.761343421, 11.4833658928
12.4368987231, 12.7197396174
12.4019357149, 11.55318429
12.5372913684, 12.6641156307
