10.1963935761, 10.6708821883
10.137674443, 10.4417690342
11.625809957, 10.6114980858
11.4403906515, 9.94786922628
10.3438616168, 9.60676945848
11.3232122678, 9.22808216316
10.7678094248, 10.8968998597
11.4503829391, 9.83308039172
10.512296241, 10.7074195322
11.0134930959, 11.4530317582
11.4104060415, 9.84691074647
10.8668266288, 10.7664933051
11.2658723086, 11.2774721895
9.54444528116, 11.5746015537
11.4623195971, 9.64895506329
10.7848199366, 10.7156470892
10.9062948036, 10.7328482629
10.5285821142, 9.93767687755
10.7299705909, 9.74889445491
11.346710949, 9.89440634901
11.0993776829, 11.4632788315
10.3793249077, 9.69898719431
10.6051770392, 9.82863630055
9.62551784175, 11.2786268683
9.44510540088, 10.8660728666
11.3999452289, 9.70324963751
10.3897322415, 10.7847046301
11.5116594099, 9.81313253863
10.8306607077, 9.53520665557
9.8014890692, 10.8922799978
10.3033679983, 10.744135847
11.3768757662, 9.83422042582
11.7108594999, 9.93260584371
11.4582146607, 9.86712841688
9.57510971985, 10.7077186222
10.256341241, 10.6427508681
9.7159650844, 10.9637364279
10.4564496389, 10.70430507
11.7532288941, 9.97005538855
10.1880811446, 10.4187927381
10.7135310714, 9.9333185898
10.5825289171, 9.95149245588
11.3975292931, 9.80898777486
10.9426007396, 9.71668487564
10.9160337197, 11.0982757479
10.6935332251, 10.1836829667
11.233998855, 11.1940189293
10.6854217288, 10.252189704
10.5626119227, 10.1712129275
10.3959467034, 10.7497907759
10.3137957926, 10.6074488631
9.63929386076, 10.9918697803
10.7510230021, 10.058952414
10.8438340826, 9.82233287786
10.2463141267, 10.4822093838
11.1865898411, 10.2501510327
10.4245564316, 10.2294262238
10.4411814028, 10.7595222001
10.3164045953, 10.4942356252
10.7567083841, 9.91759559962
10.7121891376, 10.0714348315
10.0563390458, 10.4919966447
10.9594297981, 9.8117128421
10.6049511342, 9.73241875105
11.1725948564, 10.0339636124
10.1386466192, 10.5517871669
10.842841487, 11.022010814
11.5363154622, 9.63111071808
11.3541717115, 9.71752699284
11.5280630089, 9.61214374844
11.4207220872, 11.4640232164
11.5242941919, 9.79126663671
10.615007988, 10.7430239095
11.4767714054, 9.79861702688
11.0076199131, 10.2189908192
11.2470551602, 9.4381045674
9.98982603429, 10.4604499297
10.0257453486, 10.327882289
9.85408401245, 10.7688678225
10.7400665666, 10.0307501065
10.2069937599, 10.4602860269
10.2589827372, 10.5322707574
10.2728179133, 10.4158611239
10.2321254227, 10.65413626
10.7603660663, 10.051720853
10.6212763993, 10.2542157651
9.49445419452, 10.8320342462
10.2095409159, 10.8349808064
9.58751931904, 11.091495081
11.3696623324, 9.70630874196
11.5306926936, 9.75760811087
11.4948095002, 9.88163842257
11.1452594498, 11.3060670964
10.7536833974, 10.767772485
10.6603377496, 9.59905277198
10.8216608998, 9.81297455543
11.7845528047, 10.0614690036
9.54761256486, 11.0368328578
10.5618698915, 10.7922235119
10.8977700511, 11.0952421229
10.2442371975, 10.4478733565
11.1415459463, 9.4176976449
11.5569968265, 10.1867377791
11.2445127641, 9.71503840573
10.8609728774, 10.7305158198
10.9780272931, 11.0204130068
10.6380340065, 10.936740379
10.4002988659, 10.5068194814
11.4683551041, 10.0195077141
11.257260682, 9.60052572852
11.5542279877, 10.2664456568
11.3204409594, 9.87355235248
11.0946948966, 10.7661705303
11.1524612792, 9.62424154046
9.33330271595, 11.0495068804
11.5743417047, 9.65024279511
10.795543294, 10.7016310907
9.80295881294, 11.4109687153
10.8145595293, 10.8875302271
10.6727543669, 10.5867309585
11.0658250572, 9.48670263367
11.6251113312, 9.806125512
10.7091107171, 9.74806152008
10.4340555614, 9.9211922498
10.1669282312, 10.1682336327
10.1294595509, 10.3275393604
10.0979957857, 10.4197637867
11.6899217237, 10.3451136277
10.3667058045, 10.562254165
10.0800005446, 10.2491284746
10.6859770893, 9.8869676189
10.8243416586, 9.95482106267
10.4275102515, 9.51642196248
10.7432237696, 10.0682924727
10.2555369504, 10.2781841571
10.4373037622, 9.58186468775
11.4735633028, 10.0526283764
10.8287042524, 10.9546990928
10.2646892574, 10.3085683124
11.2946021964, 9.84853346452
11.374925471, 10.0176053195
11.4812565927, 11.4980450909
10.5308111184, 10.8484007362
10.3382531322, 10.7214841337
10.3167945064, 10.6740891928
11.0750333202, 11.1202279143
10.9633375243, 10.9544693574
11.5803301398, 9.69028710312
9.68241338576, 11.733475952
11.4174800332, 9.53585818944
9.73471921154, 10.8177371337
11.2615258356, 11.0528068683
10.7835935588, 10.5501180305
10.0015754512, 10.4700139894
10.999237856, 9.72181557296
11.8051102254, 10.0328117139
10.3459275557, 10.5949364566
10.5900124699, 10.6449933133
10.7626428677, 9.93050338338
11.2708916587, 9.70169562383
10.245404716, 10.4591214932
11.8214394149, 10.8435084205
11.290335292, 9.51883518257
10.1561414381, 10.4285432079
11.1407357107, 9.92694872991
10.5109061976, 9.65654901744
10.6212902176, 9.70916234805
10.887743986, 10.8378004939
10.0712235159, 10.2230888216
11.5795610572, 9.73943904896
10.7844350028, 10.8201296493
11.2066534657, 9.9428272779
11.1934873296, 9.67415648523
11.4635995773, 9.79495249666
11.3070202818, 10.0014314249
10.7344090295, 10.6812260295
11.516056786, 9.82214930635
10.667699672, 10.9853512284
9.64202752446, 11.6683285765
11.2796148514, 9.76966425002
10.3826381701, 11.03560945
10.1157932111, 10.2319479856
10.8962827363, 9.87125082496
9.94532956398, 11.4433250627
9.98975678931, 12.0612424228
10.8312279428, 10.9069029618
10.535392285, 10.0082480645
10.971832802, 11.1429606599
10.3299624081, 10.5176572591
10.4122549901, 9.50049354886
10.5955345781, 9.66279160175
10.6016400057, 10.7673422151
10.4932348936, 9.71418584112
10.514141984, 10.7674675644
10.601602796, 10.1473140583
10.7167526869, 9.78846186254
10.7115345508, 10.0025482198
10.4098124666, 10.38184154
9.62415288249, 10.7499683234
10.3829554275, 10.6448283213
10.5824560343, 10.2828129036
10.4282517322, 10.5005926957
10.3078726664, 9.6225582181
10.7317812229, 9.87777187072
10.5183350975, 10.5648578303
9.99801307773, 10.6215961943
10.9724308101, 10.3369917703
10.2551034, 11.651034487
11.7583716727, 10.7222388706
11.3595596667, 11.3835411232
10.077190447, 10.4552535593
10.8957303847, 9.76688544904
10.2180966977, 10.3384316709
10.1475731497, 10.471560729
10.4367786126, 9.79572818141
10.5892117546, 10.8929978512
10.767381448, 10.9211729078
10.085125691, 10.5526966091
10.4861050594, 10.8072421066
9.91911274855, 10.0513018483
10.7708579135, 9.8293087633
10.8817821042, 9.85472127855
10.6286700317, 9.86618965208
10.4325905881, 10.5643630835
10.529287226, 9.71494396743
9.50356309101, 11.0026707834
9.6173083023, 10.8065530001
10.3893598708, 10.6283719902
11.6475811916, 9.84848388719
11.1491907735, 11.1174017316
10.0252056449, 10.4463068736
9.3907937214, 11.3939356694
11.3229905138, 11.5254262447
11.0325679378, 11.1119584245
11.3651738282, 11.6504329823
10.4565206004, 10.6104584908
10.6782983114, 10.1853504986
10.5013983731, 10.6101392113
9.50450677586, 10.5249717101
10.6797685013, 9.42771952416
10.8521870264, 9.7022981236
10.7003812585, 10.0939870992
10.5977196412, 10.2328011928
9.36843431637, 10.7361578164
10.5378655595, 9.38138686773
10.2006832839, 10.4613217802
11.1338484439, 10.0195343465
10.6979357083, 9.89012777795
10.2961378234, 10.45102075
10.3079090726, 10.5379232596
10.5546244304, 10.768091371
9.45135735542, 11.043025167
9.57809966096, 10.8568636485
9.66552795504, 10.9864623903
10.242208897, 10.3465799501
10.5700993881, 9.53727368081
10.3204931072, 10.2645081558
10.6538275937, 9.75670971691
10.6201103353, 9.82534208724
10.5708600435, 9.58608499971
9.43860925599, 10.718239777
9.63526096824, 10.9018158256
10.6207639802, 10.7589711978
10.188723216, 10.6091292612
10.8933986727, 11.0694982943
9.49272146625, 10.9251189763
10.8897738176, 9.94827227955
10.744314735, 10.1228048779
11.0471547959, 10.0014910501
10.58643209, 10.1611041344
