11.6669814068, 11.8629806825
11.4871133907, 11.6636257053
12.0435006946, 12.4959301308
10.7695904572, 13.4574344117
10.4886244352, 12.4607396788
10.887052966, 13.4622128905
10.6044158568, 13.2898745416
10.8342479533, 13.4323345748
12.6056139339, 9.96520537052
10.9409859909, 13.4139651352
10.7810946074, 13.2807631707
12.3851981538, 12.7709437968
11.1505744157, 13.3756235833
10.9626324459, 13.4727636221
11.0153486439, 13.5263735339
11.1013937089, 13.4801044301
12.4227360068, 12.6903426529
11.5991007014, 12.1176160709
11.3250321745, 11.6433290332
10.7963194411, 13.2209193058
11.9651504806, 12.3676181782
12.2792961331, 9.8903412884
10.4173579724, 12.625941386
11.5852136854, 12.0974967199
11.5803545815, 11.8851080147
10.9054064732, 13.3181974997
12.6840499656, 10.0131345425
10.9869970721, 13.4721619636
11.8533368602, 12.0739860494
10.4346387661, 12.7017702276
11.5580909701, 11.995256172
10.659082913, 13.2421810134
11.1928201589, 13.5538272367
10.9057044231, 13.429265563
11.8801303739, 9.95561480892
11.5211071005, 11.9195639567
11.2496675392, 11.7770418239
11.7579868338, 12.0062211535
11.0231953626, 13.3157852945
11.4173045207, 11.5875029499
10.6352153783, 12.9799951522
11.6652635926, 11.960794913
10.7577826104, 13.3892872562
12.0048599065, 12.4789887031
11.2906517858, 13.5573589037
11.284437295, 11.8645487903
10.9626879994, 13.2963351114
12.1351614988, 9.97097598726
11.55382711, 11.7960493395
10.5985903865, 12.6256589047
10.4153301233, 12.5607955649
11.6594588277, 11.7119161648
12.3052877491, 9.67501613874
12.1319498427, 10.0795515156
12.2292477202, 9.73670666606
11.7864699063, 12.2374846341
10.1182750744, 12.2804316635
11.3045076048, 11.497282203
12.2188627019, 9.70465104036
11.5317365319, 12.0336741234
11.3589692458, 12.1268563363
11.7797047601, 11.9868196111
12.4945921748, 10.1075745504
11.5679240718, 11.8892203645
12.5428193839, 9.99436718547
11.4535651927, 11.7784978846
12.2768531337, 12.5842632072
10.9370909388, 13.2788654443
10.8563233825, 13.4209492137
10.8698840164, 13.5202269905
10.8372133563, 13.3352558534
10.820595805, 13.4183086303
10.8420601684, 13.4466352933
10.9061806079, 13.3529154363
11.6905629854, 11.9474192604
10.6812712475, 13.2850640051
11.6997345061, 11.8009191145
12.0815701414, 10.0438806651
10.112969432, 12.4204582192
12.0283625342, 9.86464392682
10.307263818, 12.7312149878
10.656826214, 12.6509844333
11.3614059913, 11.9703487316
10.4030968215, 12.6217551512
10.3600427685, 12.4623946315
11.5234066036, 11.7599926059
10.2777973915, 12.2471714395
11.6016732255, 11.9087909757
10.4183708942, 12.604196893
10.8385273572, 13.4516660557
10.9158861486, 13.5078091507
11.1675928005, 13.6649549707
11.170076019, 13.3965737335
10.72003676, 13.3761589657
12.177375294, 10.0300139019
11.6588241762, 12.007644887
11.3272139667, 12.9816776193
10.6348308761, 13.0033955125
10.9572715807, 13.388599251
10.6556861812, 12.8518990135
10.132599284, 12.5965358547
10.5528000934, 13.305651625
12.181237585, 12.3041751481
11.6340787717, 12.2669459001
10.7572910391, 13.2984297988
12.2220100774, 12.6716339135
11.701061533, 12.2479018144
11.7941351578, 10.3471837818
10.7633297869, 13.1387394385
10.7259662435, 13.2375740561
11.1584038485, 13.3906426884
10.7239776966, 13.4048168616
10.892341566, 13.5388589001
10.8333082772, 13.5005065072
12.169120813, 9.64324826937
11.0395780013, 13.3643470772
10.7073596164, 13.3652900698
11.9481460176, 12.3166312996
10.5705577321, 13.4039420899
10.6122951759, 13.3522809536
10.8700499524, 13.3319169155
11.0409972332, 13.6775751883
11.5890629686, 12.0958942972
11.3371612842, 11.7668557925
10.2513588348, 12.5993936536
10.2999201063, 12.4702218282
11.4685866058, 11.7467335488
12.4630976173, 10.463111263
11.6370697306, 11.923830085
11.5119938553, 11.7331855724
10.6582038463, 12.8128252141
10.4326373336, 12.857663996
10.2881034522, 12.8398480946
11.7130579483, 12.2193031755
11.4494024087, 11.8242736898
10.4855606819, 12.5908887259
10.5467780089, 13.0718567119
12.4268007218, 12.6093961953
10.2468977472, 12.7500721962
12.1443208402, 12.5084187635
12.5669306137, 9.94536740059
11.8814891727, 12.3885076355
10.6586740552, 12.9103612148
10.475611047, 12.8876762686
11.5679559723, 11.898103264
12.1684815772, 12.3001742955
10.7844170627, 13.5607088847
10.8307531031, 13.324511561
10.7591977096, 13.416621159
10.7441754972, 13.2663886487
11.6001780029, 12.0455564144
10.6574726102, 13.1459066873
10.7502003756, 13.2389293375
10.4307577455, 12.7781441447
11.6764566321, 12.2133837212
11.1339680239, 13.5095274674
12.439238416, 9.67272985281
10.6084011067, 13.2400951894
11.8020737989, 11.9604191237
10.8166671422, 13.3149523041
10.4132385922, 12.6561588636
11.1435081185, 12.7222041319
10.8254263786, 13.3444073485
10.0663779287, 12.5695545975
11.6713208389, 11.9622005232
10.1285039211, 12.3204511138
11.675578216, 12.0186961803
12.207334652, 12.7468202023
12.3950371346, 9.83442626584
10.9662996403, 13.4927973351
10.890920513, 13.4390178151
10.5605541781, 12.9589032894
10.6232318724, 13.3632346481
10.8828564493, 13.3948945923
12.8212072016, 10.0773486632
12.1495161752, 12.7170771983
11.005293362, 13.5493418484
10.848028295, 13.3429367109
11.0996600134, 13.5746176721
10.6781655522, 13.4071115592
10.8464737387, 12.9528181922
11.4754238071, 11.9418702333
11.7709553482, 12.0777022745
12.5498287504, 9.7401312237
12.3495851007, 12.7436369183
10.8392335313, 13.4366094
10.2126020177, 12.7445885551
11.0107606981, 13.4488556858
11.6210882659, 11.8568143276
10.5201856653, 13.1152240251
11.4361593296, 11.7437329032
10.4769753387, 12.2896328906
11.3747319571, 12.0102225564
11.7729649259, 12.1944002615
10.5455385295, 12.6821986159
12.1666832903, 9.85467373355
10.5679228303, 12.5904569341
10.5769587871, 13.1070308803
10.2468132751, 12.5206299853
12.6314042436, 10.1696388931
10.3604233993, 12.6935975368
11.5575567259, 11.8967153873
12.2095348866, 9.91581849755
10.1357122949, 12.5011943806
10.6747922562, 13.3976648122
12.0679651543, 9.86374223855
11.5687146779, 11.8937681933
12.0194221422, 12.4890301566
10.6648802817, 12.9547933378
11.3303704942, 12.8906108428
11.6266282201, 12.0518858961
11.6343767809, 12.017174663
10.0959207648, 12.7291196028
11.3276256937, 11.7666044893
10.6036674292, 12.7108327255
12.33689223, 12.8916398062
10.9541710562, 13.367729758
11.1272749503, 11.5244919458
11.7119488178, 12.1202109446
10.1180637171, 12.384761801
11.4477351635, 11.9599890268
11.9326902165, 12.3566091236
11.292312889, 11.9189398467
11.5471567126, 11.8721841586
11.8136502256, 9.82993536881
11.5040809836, 11.6989556516
11.9836348398, 10.042270654
11.9068889201, 12.1555248977
10.7873872608, 13.1850588494
10.7291477346, 13.1190816479
10.1834006705, 12.7487771586
10.900638201, 13.3929573801
11.3143867875, 13.0236484075
12.5862881564, 10.3488094355
11.2278857308, 13.5185598283
10.5972364093, 12.9712723109
10.5537869743, 12.5312595117
10.5097776405, 12.722957176
11.4588874644, 11.7390789573
11.6158078884, 11.8504491769
11.4937857045, 12.0512623108
11.6005284792, 11.3266925328
10.5701342757, 12.5947411123
12.2456236478, 9.61541961078
10.0386390593, 12.6182958133
12.0911600138, 9.7588940557
12.0930039374, 12.2536851098
11.7176099727, 12.2030161771
10.4199647331, 12.7831747022
12.4977869035, 9.46866056729
12.1048975466, 9.70928501358
11.7260084947, 12.146253723
12.3990079511, 10.2148844143
12.3416779622, 9.97033904585
11.8274792914, 12.085473165
11.5238431328, 11.6727644045
11.3811703834, 11.6773627472
11.8259969773, 9.83905305886
11.9481046773, 12.1759861141
10.3356109848, 12.6751306012
11.5684415518, 11.763865354
10.6223389037, 12.566810761
11.9385883976, 12.1633409311
11.5540537853, 12.1956893509
12.287115564, 12.648503631
12.3835253966, 9.83794883674
12.0723045652, 12.0746927237
11.5427484315, 12.0735943408
12.0212558065, 12.4720280138
11.3687943219, 11.8127312511
