8.34042587258, 10.1299945372
7.77982877467, 9.79870109555
8.41077658383, 9.92420985394
11.0338837689, 10.0879601661
8.26227135061, 9.7044501697
8.05707271241, 9.85119226691
11.0764307266, 10.2248095716
11.0487316123, 10.3072177187
7.87549321071, 9.78995585473
8.26430790028, 10.5968528286
8.28579453087, 10.5388936729
10.5889350182, 9.22922431489
8.30667622737, 10.5097220249
8.30834949153, 10.0234195093
10.7460101895, 9.74878175668
10.6529994121, 10.0784940419
8.25654699078, 10.7269920551
8.13268613652, 9.08824765965
8.13448553636, 9.61718274235
10.8416559484, 9.85532245982
9.88950181226, 9.57629264111
10.0310520943, 9.59231663741
7.85461929603, 10.0222373594
8.40125881277, 9.79298812978
8.18008322958, 9.78797284076
8.39450529071, 10.4871557265
9.56985750394, 9.01708322364
8.13015405834, 10.1284897614
9.21940872016, 9.3963478967
8.22431530678, 9.38066220233
9.2943860507, 9.40430764695
11.9251595231, 8.44576483442
8.15540540965, 10.1175221453
11.1668988832, 9.9006597857
10.6657151508, 8.45413607762
9.47803601464, 8.94737954841
9.57605897095, 8.82538483901
9.69868925257, 9.20873970544
11.5532251866, 8.54204056936
10.0125895772, 8.42742649783
8.28470311915, 9.52783481617
7.80643393036, 9.67936547329
11.7076998982, 8.22050772728
8.14248746094, 9.81880806284
8.26454389803, 10.1816534907
9.46625032708, 8.90410765527
8.15333391714, 10.0753039693
8.14983395632, 9.51608544181
7.98385357728, 9.65221129982
8.22183553769, 9.35971700274
9.08762577809, 9.3739996791
8.26197724047, 9.78986116881
11.1183900592, 8.02885643643
8.02870264596, 9.59528186795
9.68086833248, 9.27898739139
9.764789545, 9.55225913083
9.22298003622, 9.02168848932
9.58613347612, 8.88738561888
7.97755881193, 9.88643528729
9.62833121975, 9.27131181783
8.22673257313, 9.60834992588
9.81059573544, 9.33641583029
9.94326325125, 9.18632260685
8.14655657933, 9.61351939369
8.07886791743, 9.64100489246
8.0133161398, 9.67709523115
8.33762994075, 10.7245766187
10.8113341093, 9.95146345362
11.5211901404, 8.34311479826
8.1838533109, 10.3553350046
10.8244216395, 9.89594136983
8.26501131982, 10.1768945464
8.42776280821, 10.2096354544
8.27667555441, 10.6249214234
8.07325333857, 9.72232302061
8.59609775894, 10.5286790741
8.19282260403, 9.86670337164
8.02264939197, 9.7390417151
9.15919568481, 9.1254772461
7.90034318079, 10.020583444
8.38296636788, 10.1242346132
10.4011031649, 8.37628010216
8.3679593986, 10.1175697414
8.20404457342, 9.78402713307
9.37790827655, 9.10463165755
7.97917053298, 9.88380048956
8.23790133973, 9.88731172697
7.89506131004, 9.90718178766
10.0570814415, 9.23998976602
8.14214923845, 10.5889331813
10.6732332428, 9.70466279628
8.17252406107, 10.3468253321
8.41894018939, 10.4746644106
8.34081399532, 10.1817637344
8.23994290639, 9.9907822446
9.92804510242, 9.36623457778
9.88563343405, 9.44229883595
7.93011610563, 10.0232232653
8.37169056462, 10.6436317421
8.58723418825, 10.1549531012
7.97395895495, 9.67174910219
8.27770604524, 10.5531413947
10.7973090572, 9.96314221002
8.64583463699, 10.1408518459
10.7863116765, 9.8796798495
8.3239779398, 10.1520311807
8.56485411121, 9.61177333274
9.57657398698, 8.97269074133
8.27234010645, 10.5438837115
8.49604063839, 10.5281968532
8.02807779308, 10.3348492632
11.9224440566, 8.59727011848
10.9920774404, 9.70413196846
10.84966967, 9.66608872116
10.7539890963, 8.23935829607
10.7415480495, 9.76098953465
10.9168805882, 10.0573400866
9.54929260248, 9.12247656936
8.30652341593, 10.6050789571
8.19608188831, 10.2613076853
8.1200134772, 10.1231130406
10.8868455796, 10.0215960821
8.00610764613, 9.51319622604
8.07281480532, 9.4766901206
10.6616938177, 8.35673076875
8.15946003453, 9.70749975506
8.08508924722, 10.1843276516
8.30553507981, 9.41752952872
8.13801026341, 9.75890961855
9.7456377118, 9.09058699852
10.1296241544, 9.45954568491
9.60240744683, 9.23974703544
9.6559612334, 9.35444300896
10.4721625304, 8.20696556706
10.0332126309, 9.47262046884
9.79940833403, 9.32357703877
8.12236914302, 10.0218262133
8.164483511, 10.5013789053
9.79424849992, 9.05895314285
8.28820005443, 10.6834259849
7.7759630632, 9.60871912755
9.45017384738, 9.45553119082
8.11328600271, 10.0742877109
8.02336673815, 10.2596164789
7.8868216802, 9.62633348785
7.8766121938, 9.44503733752
11.6393035244, 8.06791363801
8.25104692009, 10.4311042263
8.20033694743, 10.2469862576
8.4092430104, 10.7069171694
7.92190719534, 9.48601677289
8.30266843623, 10.7393598535
8.12873573857, 10.3769939128
9.75347400116, 9.16530767124
8.20160337685, 9.78330288586
8.27337994387, 10.374904559
7.87394170485, 9.46684101051
8.3914951931, 10.6338005966
8.2570199316, 9.7544044332
10.6174235412, 9.80457136643
8.10213973005, 9.86295670737
9.28317113038, 9.55518958837
8.50429566833, 10.5160552337
8.04834145307, 9.74431879773
8.24139720598, 9.46099726359
8.38627665443, 9.41271077897
8.15491202022, 9.56944557775
10.6293777317, 9.8439791077
8.10417921395, 9.66547281063
10.4619469875, 9.48130252498
8.28547460786, 10.6060941365
8.11746931592, 9.67811329216
8.4629726072, 10.3690023253
8.06770029721, 10.4622989561
8.36613699614, 10.901982064
8.32584418873, 10.6105437982
10.7098526955, 9.86681207875
8.28328523025, 10.666702375
8.2820771454, 10.5183967588
10.6760970713, 9.86919721402
8.0559486467, 10.1463753711
8.22401917646, 9.74023580846
8.25465580041, 9.36238779732
9.563325553, 9.22238604795
8.22235596696, 10.5505901399
8.22061441264, 10.4622861382
7.99928026444, 9.33679611897
11.421891628, 8.12426106226
10.7430335771, 8.37435543268
10.8235884408, 9.49484289923
8.11562166806, 9.69650787487
8.20517837699, 9.22714097054
7.96662725744, 9.53095447924
8.005074484, 9.52384270067
9.66198919926, 8.88672065765
9.73051317245, 9.06976880462
10.2399939176, 8.12399874528
8.02147046557, 10.7268162345
8.14989294531, 9.86636039163
9.88674227499, 9.38749372926
8.07800428779, 9.59137813889
8.23339139421, 9.79571674044
9.72710414837, 9.27577621276
10.6343918084, 8.22642302623
10.6916011702, 10.0506892089
9.49318044497, 9.27656723722
8.14550029759, 9.54209944872
10.1696864878, 8.3940723829
9.2449474736, 9.30511672171
8.06236223609, 9.89887814432
10.0206835981, 9.27413616084
10.6921406357, 8.31223648832
8.12044241955, 9.83736166358
9.29834866265, 8.69654788997
9.90954065528, 9.26097237167
8.34853146869, 10.6627818047
8.5353265501, 10.5834718522
10.2361229515, 8.134287844
7.98157902052, 9.69702251377
9.66540967871, 8.88092935412
7.80015299348, 9.18362225206
8.03572638056, 9.95229310854
8.12692036092, 9.83209609759
10.1847804022, 8.99077083943
8.04176113905, 9.58287855059
9.63468934994, 9.29180471964
10.1510564918, 8.66813170409
9.81778866896, 9.30490764285
7.84817906526, 10.2744802167
8.12667786736, 10.591854893
9.80574151468, 9.21901947648
8.44693153994, 10.4615767426
9.63815896227, 9.27090093204
8.08744935752, 9.69934980532
8.13066569826, 10.5823935004
8.34444527626, 10.091591115
8.26324436737, 10.0518131507
8.15151843111, 9.71821387298
8.48732837914, 10.042614847
9.78986454404, 9.12345125957
8.07585758179, 9.95365173069
9.45610406351, 9.61078493204
8.0058386158, 9.27901530659
8.20778275985, 9.67469735489
7.78018737322, 9.81644309546
10.5377818066, 8.20141689968
10.0912361489, 9.42476163326
9.48785469878, 8.92818521002
9.97703462701, 9.57280669083
9.89305065007, 9.03026753076
8.96166123365, 8.70082295987
9.90725694352, 9.50082450905
7.95198929758, 9.73435723372
10.6415452564, 8.46479257738
7.92954692795, 9.8404222784
9.7446742517, 9.36982742381
7.90150567417, 9.61755740349
10.7089717786, 8.41176086841
9.65226657833, 9.1579020856
9.72082230994, 9.23971332097
9.81831116015, 9.10466906128
9.49965855221, 8.93580213848
10.1291013848, 9.73212169822
9.54848933484, 8.99430533051
8.37443613323, 10.3249435832
8.09739401101, 9.7873156232
7.87259046421, 9.54133526309
8.23429280161, 9.54870453645
8.04566140672, 9.31160828327
9.2141956755, 8.81483420154
