8.85180931045, 8.91927158217
9.37029763075, 8.38495878261
9.35034659822, 9.67140624075
9.73792789714, 8.60976728526
8.68699597543, 8.79282319988
8.66277233761, 9.64435744169
8.94800582458, 10.017807833
8.46025037907, 9.90160960455
9.26960669623, 8.31989635463
8.6816282496, 9.81721308474
9.32299076892, 9.63521199112
9.81270799493, 8.67277421034
10.4801580824, 10.0489343358
9.7548561248, 9.18933605323
10.1340204595, 8.57677495156
8.40977184725, 9.24874524983
10.0115700691, 8.49886081552
8.61820732696, 8.71800430965
8.49752049421, 8.64294156307
9.73356276536, 9.56640312398
10.5529787376, 8.58760326298
8.17654338341, 8.83717673628
9.63883482267, 8.40769338333
8.71904337567, 8.74780298979
8.73968366356, 9.00726141517
9.56896914947, 8.43509562814
8.49023701222, 9.07259901147
8.5851052178, 9.51662360392
8.3863464961, 9.13324939312
9.17930369968, 8.9253029594
8.62404658795, 9.0726192816
9.57986798946, 9.33769550103
8.59275693574, 9.73580685837
10.2777696585, 8.70568233386
8.43880217854, 8.62662781514
8.51021904033, 8.85607491113
8.78391740247, 8.93894108617
8.26333491355, 8.54801347405
11.1030300539, 8.76664498943
8.90785708634, 8.91692807294
8.70952043247, 8.10069563962
8.61159027503, 8.65691351782
8.68504627186, 9.2556441495
8.53325787904, 8.87924406103
9.38125263386, 9.34700999376
8.66359680922, 8.86486441795
9.81533518831, 9.58059715432
8.69417569648, 9.35218629499
8.81708331371, 9.18477874561
8.94308489152, 8.97983660368
8.78820682276, 8.99521831532
9.06722843704, 9.07839606231
9.22679266601, 9.32837771656
9.03902474062, 8.60295015142
8.56082715511, 8.77005521751
8.66165573044, 8.98101661488
8.7237591003, 8.95485052405
8.83052426247, 8.59029891143
8.90252445287, 8.8666214973
8.68602730049, 8.9823326716
8.95762714551, 8.37126643494
8.41348687938, 9.16506159858
8.5810416304, 9.11216676415
9.14575071233, 8.34365686854
8.53424360519, 8.87986285364
8.50547713573, 8.40510167049
9.61146472311, 8.44144960464
9.75326962263, 8.43776800366
8.93527383619, 9.31815968535
9.53243864997, 8.47658851335
8.66502671666, 10.1846341616
9.86939891561, 8.61181745651
8.3377909098, 9.27499368597
9.92497734101, 8.43151010081
9.14165633292, 8.72258949514
9.62551656124, 9.4434747724
8.82178800953, 9.23165548638
8.515050814, 8.6406569182
8.63217347263, 8.93852496359
8.52538598369, 9.19494381032
9.50801153886, 8.31183978499
9.22258180697, 8.59288978673
8.99569133987, 8.34623332383
9.24820698002, 8.8347573172
8.46239661117, 8.83986356652
8.69162754274, 8.64572374427
8.60182670534, 8.76653838637
8.83064142547, 8.91174706247
8.68161759952, 9.0724942993
10.0586294873, 8.53183737597
8.43528671613, 9.97909684763
10.281106688, 9.85376389837
8.56406577805, 9.45329004388
9.88006969843, 9.81520596103
8.93602816553, 8.70903872156
8.99906858123, 8.28354059741
8.63713362826, 9.61224785129
9.51270211498, 8.46698642227
8.47971231456, 10.1311268939
8.33811648511, 9.030365297
9.10524433048, 8.6535644245
9.52683269629, 9.30047241305
9.58192070247, 8.73502533285
9.92284241902, 9.80932373434
8.51333806056, 10.0356961053
9.42739668864, 9.41441536736
8.98053868491, 9.28158944378
8.71767235791, 8.41444982902
10.8954298356, 8.67713140171
9.40462069251, 8.44129057227
9.99468470133, 9.58900830525
9.82273879782, 8.64734380032
8.60770240715, 10.3261800173
9.54334518641, 9.32250737439
8.21359453285, 9.07383409716
9.70798166323, 8.38181961018
8.53536800582, 9.96049838135
8.67584030712, 8.87562230558
8.63261821803, 10.7014925575
8.42658154884, 10.2736548565
9.34353904191, 9.12729490024
10.3081029692, 8.34008470416
8.69032291627, 8.99795245608
8.83430432662, 8.69884595479
8.75990800731, 8.67292775304
8.73833591292, 8.53520459876
9.12283210981, 8.5426759542
9.50855037711, 8.95775578231
8.53049595471, 8.80166154397
8.61906322698, 8.88018424186
8.74983450333, 8.92837583555
8.62435358929, 9.00936287853
9.21542521059, 8.497715677
8.6402326298, 8.79627984979
8.4014585894, 8.68230559204
8.94532698455, 8.45496176528
9.15752120599, 9.20810353839
10.3816515818, 8.57399855846
9.14121379495, 8.41770845828
10.1871923681, 10.1048545423
9.78267052637, 8.38273663679
9.62841548014, 8.63163268281
9.19211057079, 8.28931406698
8.69153048873, 8.46828700309
8.52163963339, 9.00867924953
8.33280060927, 9.35077093515
10.0570193831, 8.32231421349
9.51110842105, 9.17346167712
10.1811809608, 9.82384017531
8.90121672345, 9.200206948
8.48558948982, 8.24265505224
8.27799666612, 10.1525108203
8.79010876443, 9.39343397197
8.08476839402, 8.4985749695
8.4972410484, 8.66843151734
9.76016980872, 9.13953543831
8.24686339054, 9.32874738607
9.84539725995, 9.5983337628
8.57469725693, 8.92351635515
9.35091994256, 8.66375938772
9.0521630443, 8.19779143769
8.89325972421, 10.4850050615
9.54699616264, 9.53606215519
8.62152785784, 8.82844168677
8.62298386576, 9.19355559479
8.5227744553, 8.6894195012
8.44858434211, 8.84223393601
9.73444365796, 8.31158903654
8.99447399319, 8.38333104661
8.53891307085, 9.93958470548
10.018251011, 8.61601505993
9.29311766537, 8.41190271815
8.7890424226, 9.9855135434
9.46402079512, 8.97740493077
9.85364576247, 10.0147267666
10.1646138696, 8.71996262174
9.07552097345, 8.23501334326
8.77673201604, 9.77027948056
8.56308418425, 9.81092954507
9.7262921859, 9.46138291887
8.79430695993, 8.68928577402
8.40698670233, 8.5749235587
8.41938619895, 8.79277107136
8.53786323585, 9.22143630931
10.5227585585, 9.7755908855
8.73729368562, 9.79931523676
8.72645060739, 9.00361690941
8.67235738204, 9.57601301402
8.66987015523, 9.03537127579
9.55355978284, 8.88105671844
8.98468236938, 8.93692286903
8.39340651272, 8.44782049837
8.55006470878, 8.93352836331
8.5370928634, 8.7573639573
8.73172449334, 8.72227087957
8.44522743005, 8.98999801633
8.73207085687, 8.79641944884
9.43290527538, 8.83093530027
8.87519115079, 8.61033238623
8.3300318681, 8.82249132832
8.63844302795, 8.55668236988
8.38867833571, 8.62595390506
8.36749768956, 8.94025101387
9.3205967809, 8.49542852853
9.72733542316, 9.3290360121
8.6385623437, 8.63572482543
9.5159254497, 9.09094775748
10.4402203352, 9.78111538422
8.71088307016, 9.80067479325
8.94586242418, 10.2399879398
9.05773113761, 8.70631282458
8.37774417346, 8.7387886296
8.44789265061, 8.96698970837
8.82410848226, 8.76658593972
8.73205623605, 8.89807472609
9.22624089007, 8.40807759635
9.55825426697, 9.17537768062
8.73878109973, 8.77507985252
8.87584686256, 8.94221949134
8.54201777061, 8.49702486844
8.65989411652, 8.60083296858
8.43892632549, 8.89996612326
8.52567586802, 8.96927373606
8.80468290743, 8.54919214157
8.38006772052, 8.66234099752
8.78779076165, 9.14396229891
8.11128738196, 8.76614542943
8.41612158262, 8.80575836582
10.3558830069, 8.42238394059
9.93103436089, 8.96340818472
8.73808756021, 8.89678827191
9.78910958475, 9.27247940184
8.97869880892, 10.2654885729
8.70965867108, 10.012364365
8.73660530194, 9.63842959103
9.10839954685, 8.84475071706
8.65166505269, 8.75747839414
9.45190833327, 8.89165239022
9.21961276891, 8.58771232891
8.18834921858, 8.90647238661
9.45112362411, 8.57454079918
9.34996874942, 8.62491934078
9.13488399615, 8.66469547593
8.47326861352, 8.55661411437
8.44537610946, 8.94699748211
8.83930678016, 9.22739420747
9.88367904571, 8.4849801067
8.55354400733, 8.56046208218
8.56886085872, 9.02657245434
8.69287393767, 9.171868373
9.01355121817, 8.88361116577
8.51561521318, 8.85617849581
8.5440907137, 8.66385097312
8.50723106582, 8.59206788709
8.26927622006, 8.66026737543
8.31352012209, 8.64884794888
8.38759691307, 8.95649284778
8.40517098893, 8.65734683217
8.57612418121, 8.77829898564
8.63168774194, 8.8350634837
8.57507811549, 8.86520635302
8.63308786252, 8.64710478398
8.51256466441, 9.00303328656
8.74565601694, 9.01071701447
10.0971701452, 9.92511389088
8.31630417584, 9.3158613568
8.33704767366, 8.9599516573
8.77172079389, 8.8615347736
8.77124184679, 8.92120545829
8.34783148118, 8.88458603723
