9.75115825684, 9.51985543968
10.1327457698, 8.7174725824
8.89013607261, 10.5226976345
10.6498748296, 10.7521096604
9.52848478524, 10.2595688239
9.34416388517, 11.0692105809
9.76418505989, 11.3473935733
10.4694363077, 10.5881949217
9.6103868358, 9.98001251007
10.7170393253, 11.0718710227
10.4224383747, 10.3425803012
10.6760485826, 10.6932375611
9.5496877338, 11.6639713603
9.51915901628, 11.2939765625
9.2688142432, 10.9453781081
9.35107461485, 10.7817553639
10.4921921401, 10.7057643388
9.53619304115, 10.5284375526
9.5505250903, 10.3633244125
9.66628010881, 11.3122934094
10.1039506735, 10.9025566395
8.68351997174, 10.0765844002
9.31796006772, 9.45825959311
9.77515435384, 9.93018772688
9.32309453976, 10.3081668471
10.9823767439, 9.43253413889
9.39808875143, 11.1517474818
10.8669603035, 9.84790728468
10.3065828175, 9.06086739001
9.40076100193, 9.83903161768
10.1494732256, 9.50706534196
9.6492161034, 11.3987297873
11.2837012047, 9.21369047188
10.8816240882, 10.816295957
8.9117524087, 9.72606920534
10.3249080921, 9.19931657995
10.534169068, 9.74591388278
10.2215873659, 10.0508348347
10.9206603352, 10.7424923164
9.75345909726, 9.91995667252
9.11372008469, 10.45321165
9.90310907237, 9.92374630604
10.8429318019, 9.47399990242
11.1017211454, 9.24619755724
9.30593842047, 11.1308528078
9.4915599111, 9.642437682
10.4613036138, 10.6673652862
9.18980637398, 9.99799522223
9.35562946357, 9.37371970586
9.21256308682, 9.84155743577
8.77140733329, 10.0382305845
9.42278806134, 10.013843837
9.75363477604, 9.8371300538
9.78566819462, 9.50915228826
9.84015423736, 9.9869627972
9.84788033877, 10.0488058947
10.4962612829, 9.20074335743
9.90444985732, 10.1550731532
9.77130010966, 9.64441078979
9.98184185111, 10.0212070431
10.1038794788, 10.072872409
9.17347745436, 10.702220167
8.97228141988, 10.8061168983
9.13660752161, 10.6680540208
9.99141286898, 10.0520617158
10.3004886536, 9.27729316226
10.3851303863, 10.3948726241
9.04101695092, 11.1846725968
9.2377600688, 11.1386159727
10.8950484389, 9.57871823465
11.2210704747, 9.36970679475
10.1082086554, 10.2270701289
10.3380176801, 10.1445729601
10.6345443592, 10.8487189064
9.82239519635, 9.82742221473
10.5755964842, 8.94329914733
9.01647224449, 10.4210073473
10.3592640703, 8.94134765125
9.89173264766, 10.007096766
8.90631575444, 10.1111599159
10.2850222929, 9.2233589287
8.83308348615, 10.2144146558
9.58910463222, 10.5701172097
9.30555646916, 9.92639403695
10.2613680901, 9.33717421021
9.11258968734, 9.77689336601
8.89779491366, 10.1758393604
9.94801184626, 9.76950606248
9.62740542749, 9.76193867428
10.3472120649, 10.6413091113
11.2601157091, 9.15238852042
9.25972422093, 11.2395018226
10.5817493356, 11.217417226
9.41719372853, 11.5351171032
9.48997571597, 10.112080948
9.75120831572, 9.62731343686
9.17150828467, 11.033183209
9.21126195401, 10.8004194316
9.19119402429, 11.3349504803
10.953717762, 8.80399903536
9.07636909791, 10.0934521518
10.2400016581, 10.1159441482
10.7343381786, 10.9966863522
10.9979846933, 11.1499376129
10.8136205637, 10.8770250201
9.41003981687, 11.156384266
9.67201839274, 10.4767424403
8.86913604806, 10.0937509899
10.9715788889, 11.1264262131
10.8446800873, 9.26792663619
9.45242655713, 11.3491149859
10.3578340345, 10.5926445974
10.5921496715, 10.6980994941
10.0799655062, 11.0867924584
9.66043296957, 10.1343668523
11.2610467086, 9.57171740537
10.6572969361, 11.0632539993
10.1588287275, 10.4073603383
10.604588475, 10.5905696383
10.6612913569, 10.4721222289
10.4389936201, 10.434076068
10.3770288097, 10.7261084232
10.5722196786, 9.19109085577
9.84327984391, 9.84262613819
8.75235567321, 9.91423054928
9.05799172276, 9.76027165829
8.56151228047, 10.2126160985
10.3029764266, 8.61878067795
8.82077371655, 10.2881296076
9.37969823633, 10.3034432805
9.37268401094, 10.3629281556
10.8502370032, 8.93246491033
9.97524071703, 10.1866144374
10.3556568639, 9.68083531911
9.42390648925, 9.77221136088
10.2105351552, 9.56095781103
9.86203691823, 10.1474602918
9.37599623205, 11.3370091136
9.45122624105, 9.7699825845
10.8959624211, 11.090340793
10.0508348347, 10.2340739609
9.24846402742, 10.9709985863
10.2429217327, 9.12672070208
9.10408969785, 10.1596643019
8.96430890876, 10.1524333935
10.1474602918, 10.63391691
9.24060328804, 11.0726921254
9.39669380473, 10.9059079008
10.5878750887, 10.829862963
10.3514176386, 11.3838827385
9.74291226327, 9.38332372487
9.73915509162, 11.852371419
10.9264154613, 9.36280749223
9.98475974307, 9.9215021426
10.3320906368, 10.115085973
10.6425057238, 10.4586721245
10.7228935314, 9.29308597385
10.6163223227, 10.6228887226
9.32975557663, 10.6263752187
9.56833466175, 11.1918708358
9.47891723739, 9.73981452514
10.1012908386, 10.3211775814
10.2930953038, 10.5559807139
9.70505410184, 9.58779933654
10.435422397, 10.3797648507
9.95559140048, 9.9869627972
10.1926629676, 9.1308241074
10.6242892787, 10.7834273211
10.0642370607, 9.1947782576
10.8772889084, 10.9593597073
9.48188944025, 11.2479688592
9.46491990499, 10.0081890816
10.8284150127, 10.9300063094
9.57468905506, 11.1186402624
9.78725776528, 11.5329558326
9.58387672082, 11.502421905
10.466044859, 10.4665747294
10.505077342, 10.2801627576
9.08899155871, 11.3451393306
10.3776891275, 10.5991904292
10.0040742379, 10.2805049902
9.56662506085, 9.52539784438
10.2393545261, 10.007096766
10.6952929846, 9.44366765141
9.82156143388, 11.6028715213
10.6266777307, 10.6601440329
10.4290877935, 9.19438156616
9.07984703236, 11.082393944
10.1262870631, 9.59778950744
10.5249590426, 10.7143987432
9.37351647339, 9.45282496198
9.88248773373, 10.0775299703
9.38544252233, 10.2183565384
10.0533998172, 10.0934521518
10.2463830089, 10.1725018662
10.4198231558, 8.95072120031
9.71200611262, 9.80099102236
10.5509291219, 10.5845748752
9.57494134048, 9.87664842449
9.86010043598, 10.1873428745
9.18772916569, 9.99609279196
9.59541348015, 9.47149879805
10.1049086763, 9.90199398145
9.53490395593, 9.84576053214
10.6807501892, 10.782975869
10.1261741107, 9.30294038531
9.29225320147, 9.15238852042
9.27918997087, 10.7533805778
10.2809216555, 8.60090163138
9.24725204182, 11.2616105118
9.48013695612, 9.7602218832
10.4639762289, 8.94885569754
10.0249893823, 9.78317372984
10.009204252, 9.74466326168
9.70394592866, 9.88547246065
9.38411291895, 11.4478792551
9.25830635411, 11.2397234377
9.68420112043, 10.5688418504
9.36466891768, 10.8369467433
9.01975851447, 10.4393945047
10.1031361191, 9.97664953044
10.1492324269, 8.98259475638
8.9557702309, 10.068375688
10.3249080921, 9.08636029566
10.1483678969, 9.27343490561
8.82694774688, 10.0703657585
10.2949508634, 9.58417759555
10.6301244324, 8.83977076774
10.7209223531, 10.8530076824
9.95685382482, 11.5855267877
8.77233100682, 9.96121836524
9.33227441011, 11.273375884
10.2572871362, 10.6687261177
10.5866084115, 10.7118556479
10.5614379299, 10.8265804979
8.85639055241, 10.3469094084
8.9000184882, 10.0560728225
9.59076005475, 9.35003545346
10.056129849, 8.84582966305
9.49312133656, 9.81859205159
9.64284716482, 9.54779450579
9.05218882774, 10.3512127167
10.7734036504, 9.72517969311
10.4153206859, 9.23643066951
10.1541075482, 8.89163940843
9.92557550493, 9.8995874015
10.111626577, 10.2331786171
9.98798772753, 9.86037568158
9.2043075063, 10.2661056398
10.5194608794, 10.6834335825
9.91676775744, 10.0537038702
9.14892541276, 10.6917976153
9.97149951811, 9.96634021159
9.74741469472, 9.82422502066
10.4174839453, 9.16074305869
10.4226277409, 8.93396482003
10.7292409741, 9.88786955915
9.89187439491, 9.63755364489
9.75541049879, 10.214190621
9.9735900226, 9.768368826
10.1301004508, 8.9506614317
10.7915887283, 9.6037149917
10.561155175, 10.5826351838
10.5209272795, 9.5411934461
10.6770810727, 10.8287047586
10.6511417417, 9.04938299092
10.2877121717, 9.0151612472
10.3578340345, 9.2043075063
11.0562826839, 8.97632328339
10.3586144383, 9.0329661101
