8.08363915521, 10.2048184152
8.7444212263, 9.86123107026
9.01586579988, 10.0030815817
8.58910463222, 11.4313713835
8.61546945717, 11.0718710227
8.82359216819, 11.3834222028
8.48233263919, 11.6591271805
8.98671966565, 11.8553515954
8.38705163152, 11.2156051686
8.88145122007, 11.585253967
8.56468493656, 11.6318318158
8.34127679265, 11.3640753119
8.47440105409, 11.4061599489
8.40665731626, 11.5061379553
8.57610709652, 11.6464619766
8.34574222253, 11.6453387326
8.51847526918, 11.5486876437
8.60144870735, 10.716357319
8.02786489883, 10.6110155997
9.0615396372, 11.6875939121
8.36293781993, 10.4092726259
8.39630237444, 10.7118556479
8.57287276755, 10.8393296651
8.56110691322, 10.8027025329
8.87105214278, 10.6653583162
8.13417429117, 11.3695654233
8.36735231575, 10.8513746151
8.54823080586, 11.7114127107
8.21297953964, 11.0453724843
8.42283460105, 10.3786320758
8.18402730603, 8.9401556325
8.46943741316, 11.9505914091
8.73243750942, 11.3769483963
8.57287276755, 11.8892430837
8.54043889776, 10.1847970126
8.56350463089, 10.2868024976
8.51534897467, 11.1703827124
8.21487880528, 11.0862142235
8.85037807043, 11.5789741259
8.48709287958, 10.5919868611
8.60393203076, 11.4337209745
8.54083023155, 11.3807849116
8.16802429084, 11.4232474702
8.58518220034, 10.6360192984
8.80604875203, 11.6090087682
8.38429945273, 9.89329589133
8.66109246408, 11.3575642764
9.06663941168, 10.3876089856
8.32763462172, 10.5580934796
8.65698253548, 9.27088146578
8.37327755334, 10.244418624
7.98967674479, 10.5165202006
8.87170703575, 10.9915850261
8.84972772765, 9.58298487044
8.45921829463, 10.8434092516
11.4042018099, 10.4221155826
8.44462236478, 10.1182103166
8.87921398459, 10.4137910802
8.42951952331, 11.2715916337
8.42891967231, 11.1475854522
8.24374225624, 10.0100294372
8.32161222296, 10.8602245029
8.25899303014, 11.0579300997
8.4992026364, 10.6516714498
10.610421142, 10.4132936746
8.36076765853, 10.9008644122
8.47966007575, 11.6612019376
8.69371665703, 11.7462520697
8.63848242414, 11.5335531477
8.36457929179, 11.5283596983
8.84925909207, 11.5811347292
8.49506988763, 11.6895293919
8.03488650278, 11.7565764731
8.37581462236, 11.4420377899
8.57610709652, 10.1225391265
8.52112606704, 11.586344533
8.86503755693, 10.9533212067
8.87484997521, 10.9177431566
8.06089926426, 9.72898889984
8.27179894509, 10.2366233133
8.49099541512, 10.8289298277
8.53329354306, 9.97060381179
7.9833200148, 10.8368839594
8.04838544548, 10.6816752267
8.82909972169, 9.82601088796
8.57763940868, 9.89975559629
8.16544139191, 10.8001782156
9.04247306676, 9.18922078814
8.94237762372, 9.88671216306
8.85552698436, 11.6449518732
8.74542982002, 11.5508982726
8.67331892828, 11.5986976674
8.84371678084, 11.4874618847
8.75530892128, 11.6953584834
8.31261949242, 10.8732190405
8.40678329371, 11.1142109342
8.54743927889, 10.4516294094
8.82692607639, 11.0184820855
8.54287364814, 11.5197748844
8.59413275717, 11.0951960122
8.58156339817, 10.7990241285
8.28271325219, 11.5190126396
8.6165029146, 12.0737694255
8.7613164198, 11.9934566661
8.61083971098, 11.4388903802
8.61803064273, 11.2650485557
8.81003088289, 9.23884864276
8.0164717562, 9.71331943372
8.81003088289, 11.9822209535
8.38961448775, 11.3757379293
8.16544139191, 11.5729408255
8.31338882683, 12.029401304
8.75524714137, 11.7528517876
8.55002752143, 11.1791969061
8.36694749115, 11.1852768913
8.82943023232, 11.2708554202
8.64678954591, 11.7657851994
8.61979906733, 10.857282923
8.72479996425, 11.574741227
8.37323793281, 11.7675322314
8.78731874615, 11.4492413111
8.89711129925, 11.7302479675
8.94692257582, 11.1423376476
8.33329135136, 11.0803098429
8.48469938242, 10.9008331475
8.55657015498, 10.8052786325
8.48469938242, 10.7882900134
8.37323793281, 10.5100345927
8.55657015498, 9.95788418453
8.36694749115, 10.7704336293
8.10287592214, 9.1832525759
8.53411640264, 11.0998635025
8.27122001553, 11.4389032612
8.67439691886, 10.3615495142
8.15542016487, 10.7557512843
8.30471391095, 9.79355039152
8.61577661271, 11.4657394191
8.44234232474, 11.4258143427
8.31401802017, 10.6829406582
8.7933530142, 11.559753285
8.86503755693, 10.9734950748
9.58413485072, 10.509458623
8.46191203102, 11.3534169796
7.96176703917, 10.2718362185
8.45347394411, 10.4493519561
8.46442049019, 10.3145390242
8.36735231575, 11.5291734133
7.8583818115, 11.3258968302
8.54770159561, 11.5253825387
8.20327976754, 11.5926063927
8.53081604172, 9.00653551633
8.72972812947, 11.6961935348
8.67439691886, 11.6453001731
8.48209193902, 11.4408132197
8.63565407089, 10.7368419844
8.43718354846, 11.4630837049
8.1389997144, 10.960249203
8.16802429084, 11.6870829393
9.01023951046, 11.4651851667
8.75980893778, 11.3824392161
8.47187394427, 10.4405349194
8.83901240115, 10.5285586703
8.58156339817, 11.8302928285
8.03726626555, 10.5909274514
8.50795198132, 10.5164891557
8.72569251007, 10.983391678
9.05232932224, 11.300033077
8.58518220034, 11.4111565494
8.40891145031, 11.0190429395
8.66454311142, 11.4340255192
8.28013256594, 11.6524401794
7.83951985539, 10.0040742379
8.75718240751, 11.8380264531
8.70126372748, 11.6757127844
8.53003014678, 11.7022722138
8.65432712048, 11.7759685311
8.70126372748, 11.4891708774
8.65791939891, 11.6218272019
8.94885569754, 11.5646715346
8.45401256634, 11.5649870221
8.36166442822, 8.82260936805
8.84285580392, 10.4812855251
8.6309520058, 10.798420336
8.47714885659, 9.9797306437
8.80184181728, 11.2756377445
8.64578765155, 11.5976822203
8.32929507218, 11.0029193321
8.38333492451, 11.6636192736
7.9833200148, 10.4464940614
8.12155796921, 11.8077655082
8.39249018168, 10.0178527394
8.20784010918, 9.6263122162
8.62217981157, 11.223317662
8.02786489883, 11.5326329299
8.33682967212, 11.1498193639
8.2989696352, 11.2143238634
8.37032356753, 10.5536542719
8.81967921537, 11.7143620344
8.38570706944, 9.92832635974
8.90036324374, 11.4180450855
8.43376718531, 11.0428188417
8.92471318206, 9.86441055206
10.3781417292, 10.507736417
8.63565407089, 10.9286830942
8.73450781814, 11.7331181642
8.11135748902, 10.0741464379
8.82730433206, 9.25607901402
8.57532132928, 10.0404517147
8.76641031275, 9.70016885202
8.6165029146, 10.650386584
8.41451876562, 8.74792492948
8.50867840988, 10.9840244104
10.5687259271, 10.2145350927
8.61127421636, 10.7613087586
8.38579024845, 11.2636187557
8.77514211221, 11.551929775
8.36018214153, 11.7203584551
8.68969926469, 10.3039080332
8.45921829463, 11.2249275118
8.36694749115, 10.2284821804
8.61459400594, 11.0746469317
8.73892858486, 10.9614550737
8.69225505464, 10.209956076
8.72127004779, 10.7975825409
8.98642182363, 10.5058299966
8.17813259966, 10.224399095
8.59890319965, 10.9709051312
8.62194763859, 11.2984358352
8.78095293117, 11.6156921451
8.43533753339, 11.6760357082
8.22479623803, 10.8842863693
8.80502673984, 11.8601768971
8.35027556491, 10.3186184046
8.63183349517, 10.9122250195
8.24700983583, 11.6334757688
8.68364029932, 10.3278531177
8.53003014678, 10.249862363
8.28271325219, 11.1292630182
8.77560361248, 11.0978423325
8.09409727353, 10.7220839178
8.4087913975, 10.1786278312
9.0753250555, 10.8589240061
8.63565407089, 10.9163930955
8.79673658579, 10.6690807752
8.59169068899, 11.1628396956
8.24374225624, 11.2915875638
8.4175094553, 9.17468609714
8.83103823788, 11.1817284869
8.79187619894, 10.9914691835
8.38857750865, 10.8465536984
8.64882198191, 10.6401058224
8.59169068899, 11.5355879539
8.78934988886, 11.3601923424
7.86435371402, 9.60038964396
8.68590160139, 10.8918796727
8.24051678126, 10.7206157207
8.12935963175, 10.594314061
8.12290976293, 11.0178729521
8.27122001553, 11.3722987008
8.26797013344, 10.7124101945
8.30471391095, 10.4559573707
8.37920303822, 10.9422476184
8.06546299972, 10.0011764829
8.19157518396, 11.3706772799
8.51534897467, 11.7763713998
8.40396911792, 11.3663472499
8.30665804383, 11.1036248708
8.42891967231, 10.6114619621
8.15248276678, 10.7976765909
8.8908123587, 10.2482538542
