11.3225307241, 9.30498379884
11.2722857851, 9.18585455872
11.1633708977, 9.61224708864
11.4427222223, 8.89399927908
11.0810738932, 9.25093468825
11.311457017, 9.32958313181
11.5187499081, 9.5289653309
11.386733933, 9.20776528377
11.0222971178, 9.23321356195
11.1883757628, 9.26398229897
11.3285780353, 9.02058460316
11.1574058505, 8.94969529276
11.1968375176, 8.92142460294
11.4330745271, 9.03579074464
11.3945034388, 9.18833973265
11.2668188081, 9.2685593087
11.3854231336, 9.10183532926
11.1097927961, 9.5528504403
10.9081824595, 9.25619740572
11.3361574174, 9.32143854413
11.1335685106, 9.27953499512
11.1802305421, 9.06754975639
10.9201620926, 9.10986517088
10.9289798605, 9.39274490052
11.029904902, 9.25007676869
11.3698686112, 9.15435457179
11.1285581369, 9.4221737237
11.272757218, 9.36496136313
10.1908174793, 10.7620827792
10.9396820643, 9.45494214043
11.2594326117, 9.20857493059
11.5229525846, 9.16982395895
11.1076792657, 8.91517500235
11.5171815282, 8.88852785787
11.5634547403, 9.30041820417
11.1271950977, 9.42536023068
10.9105508895, 9.60696218563
11.0615447938, 8.76905278224
11.3598758789, 9.34333547086
11.2697155099, 9.16693271674
10.9819778271, 8.92184600934
10.9277424158, 9.11757190755
11.1941096774, 9.05254704206
10.7137767908, 11.0712512711
11.2485261018, 9.30252386007
11.134579061, 9.29543212406
11.3575277827, 9.07113748204
11.1430783714, 9.38948036788
11.2816857053, 9.36155684594
11.0101324775, 9.07779990646
10.9921166148, 8.98155553234
11.176031891, 9.28094732977
11.1606596443, 9.2559773146
11.2040308759, 9.39224745826
10.895992102, 9.10501644123
11.2008384295, 9.52256612672
10.779222739, 9.43546903658
11.0746110043, 9.73421083747
10.8220442677, 8.96527099885
11.113808708, 9.42935205189
10.66933925, 11.0943899246
11.1647732159, 9.25955143301
10.9720997066, 8.95233660556
10.2682153078, 10.880849599
11.1816696786, 9.00647861173
11.1770951426, 9.05120279376
11.3156574756, 9.16842774283
11.1554233568, 9.06479626609
11.2747686411, 9.0739686126
11.2886257191, 9.26011585035
11.3089407697, 9.17637177225
10.9437954887, 8.98983659705
11.371773775, 9.05651360939
11.2595262588, 9.04435121802
10.4984476018, 11.0225086562
11.502306271, 9.30070331698
11.016624192, 9.20560889594
11.1831317596, 9.17070322092
10.9461724408, 9.26502182193
11.2217458758, 9.52262361258
11.0161296192, 8.76484171674
11.2117281372, 9.22624612557
11.0395292031, 9.18555069861
11.1356958506, 9.43387924719
11.2221833269, 9.04334956381
11.1925475694, 9.35873079925
10.905743729, 9.25531006289
11.2219154984, 9.74050606497
11.1855487738, 9.26174403088
11.2605142623, 9.0681857631
11.3038530398, 8.82098280679
11.3314269461, 9.09031054882
11.2739769069, 9.08535281004
11.2324619547, 8.982722794
11.333703872, 9.37595300021
11.0271994996, 9.13150936932
10.8050878445, 9.50883843259
11.0426971916, 9.20520827876
11.3067319569, 9.19207469434
11.1324768907, 9.5439494649
10.8370079431, 9.27307382478
11.3169781565, 9.03329468712
11.2820441419, 9.40232385995
11.6439624724, 9.53411683016
11.0243082918, 8.83047267138
11.246180025, 8.72759784063
11.0110441924, 9.43141433789
10.8123348074, 9.76254247028
11.0816376333, 9.28763153101
11.2136442521, 8.94758918114
11.256422129, 9.27815596662
11.4070230054, 9.14139982984
11.1896227476, 9.2963308665
11.482855033, 9.49431738042
11.3178496853, 9.45658235453
11.2716429199, 9.18563587358
11.4343061013, 8.82174479968
11.0879222192, 9.21031719976
11.2624363622, 9.17538729024
11.6560772625, 9.2787797325
11.4464016364, 9.19503029183
11.3922617607, 9.17697845745
10.4255504174, 10.9089348609
11.0400224761, 9.39021612645
10.9597789759, 9.20283059199
11.0310846102, 9.19329660406
10.9948231575, 9.08276799733
11.2876089131, 9.19286559359
11.1527957936, 9.27224789238
11.1210109828, 9.30023096644
11.2544747881, 9.51888729906
11.0668053901, 9.19965122356
10.4729355969, 10.7848522869
11.4660284299, 9.41008349801
11.2494829905, 9.37930240737
11.136438867, 9.7674918488
10.2800322254, 8.70558291416
11.2183583464, 9.28239315818
11.0494466949, 9.51928557246
11.129755374, 9.10930184063
10.8508852322, 9.06647237692
10.6197856479, 9.43747422612
11.0879116208, 9.01025213002
10.9708887434, 9.49160193687
11.0254524159, 8.92914030468
11.2203322896, 8.90822173821
11.2227755792, 9.41906558096
11.2919763682, 9.38076967297
11.3165299611, 9.10855678986
11.5022619978, 9.44950725686
11.0064122611, 9.36139494606
11.0793638267, 8.74365919049
11.5214599791, 9.45306204358
10.9415893206, 9.3091154606
11.0241856696, 9.03004118062
11.1305138469, 9.20932547613
11.1896642461, 9.20242254635
11.4507943371, 9.24050844102
11.0700804494, 8.97528180153
11.5114560879, 9.19520455494
10.9346566494, 9.35852167136
10.4223205419, 9.33804952911
11.324772065, 9.07663672543
11.2540865837, 9.36139786918
11.0423486278, 9.36068474153
11.0710396921, 9.27490095673
10.0188347455, 10.9421637325
11.3626293382, 9.22791523867
11.0353825074, 9.10531975053
11.141253825, 9.2139049698
11.1982856316, 9.23437095033
10.9831642761, 9.00278093374
11.4688982666, 9.11560004002
11.4392888858, 9.36070058566
11.4467509245, 9.32367365889
11.2782164157, 9.06760395864
11.3230551587, 8.80000320063
11.1426873625, 9.11917651973
11.067053523, 9.09831479825
11.3894743071, 9.07229189063
11.2077558248, 9.38284202501
11.0814696065, 9.29557134474
10.0194747487, 10.8014384666
11.1077289129, 9.35336144079
11.2449585813, 9.18009964603
11.3118770771, 9.17151521373
11.2045789644, 9.53983440294
11.5069647786, 9.15196829489
10.6349282611, 9.0957849989
11.8034444793, 9.48483800368
11.0927233868, 9.18205694081
11.2865390515, 9.4733330732
10.1693793693, 11.2088372302
10.7868411922, 9.05018469106
10.910161374, 9.38734808021
11.276324145, 9.1480325968
11.0790875387, 9.38128236679
11.6617760728, 9.23049890845
11.1387937039, 9.57170984474
11.0933743834, 9.32638747304
11.004631158, 9.34594358438
11.2419816183, 9.22608419321
10.5170907804, 11.1414551202
11.1141815435, 9.45749985695
11.6767522731, 9.10995552429
10.5972558807, 10.6918522679
11.2908369764, 9.1451094086
11.3780853567, 9.92603505603
10.7036622643, 9.17494736254
10.8790606557, 9.39030403724
11.2060285087, 9.44087655312
10.2640380258, 11.0564451561
11.2156587321, 9.19295857966
10.3552510502, 10.9304839361
11.0656905231, 9.14497371765
11.4259201861, 9.6220685605
11.4665998564, 9.16296056091
11.1226848606, 9.02557220876
11.2128210749, 9.02218107017
11.1311100427, 9.16369343557
10.4355669999, 10.8506372125
10.8457347706, 9.12571867876
10.7509668605, 9.18310121706
11.141923452, 9.10277377093
11.03149005, 9.1546930385
10.9379731418, 9.34010370698
8.96515784159, 11.3726184034
10.2037862404, 10.7363733119
11.0541842715, 9.06351955109
11.4362028495, 9.15426975289
10.9437823507, 9.39518645659
11.049713329, 8.93114605335
10.9852817681, 9.59973808729
11.011309555, 9.18636275164
11.0756590164, 8.91037107862
11.0813882297, 9.147358865
11.0826748298, 8.94946472708
11.0379459743, 8.89301594634
11.2601387173, 9.19746721897
11.2405179796, 9.1442112826
11.0427274506, 9.3884015079
11.3593279955, 9.41978607639
10.2624832057, 10.7972561427
10.9373347293, 9.23171070146
11.0186071529, 9.09291372598
11.0015157557, 8.84759816947
10.9842567707, 9.38554723484
10.9431008867, 9.10514112326
11.1069263301, 9.25017998001
11.3885409412, 9.90018540694
11.282077125, 9.26050934409
11.1324194077, 9.1906108788
10.9716750605, 9.27009293922
11.3540201305, 9.68464224625
11.1074763153, 9.04600451059
11.1531595093, 9.26644525276
11.1865062476, 9.50616385988
11.0072303842, 9.03334226162
10.2640996344, 10.9084326284
10.2481599714, 11.1469531934
11.1789766862, 9.0577733837
10.8489759638, 9.40436214338
11.131466616, 9.38704705279
10.2540266683, 10.8309305804
11.194112537, 8.95623142801
11.2018316835, 9.13612130026
10.8823315894, 9.01900281946
10.8960981492, 9.10490039721
11.1471165624, 9.0743649718
11.0917423319, 9.26028996867
