9.94713240009, 8.59844065184
10.0776792335, 9.0357478088
11.3956104174, 8.57792203135
10.8929380707, 8.34442648801
9.38543537131, 8.11249229289
10.5232252175, 8.11962963527
10.6908266578, 8.00409397843
10.9050924389, 8.09737521833
10.1963129063, 8.45777058004
11.2223743856, 8.2164254529
10.3137832541, 7.88174215198
10.5560854569, 7.78649491294
11.2119721336, 8.29880652965
10.5251149347, 8.0743077246
10.5318290616, 8.1387399916
10.3881736883, 8.07399236914
10.3659567448, 8.32542693837
9.83653699483, 8.18644370658
9.78450539538, 8.61516946785
10.3141044276, 8.23832259536
11.1364295278, 8.84104083229
10.2422754462, 8.29994163864
9.724485009, 8.27191115158
10.02048372, 8.49945623986
9.91424140901, 8.64039361734
10.718244791, 8.25282344836
10.3558481557, 8.50610610196
10.6408139691, 8.35224217918
10.0006792007, 8.66743592232
9.75501456668, 8.5240032168
10.0489679031, 8.64423386934
10.7150953159, 8.24487417393
10.6153509332, 8.21217220586
10.8183776867, 8.09968203657
9.32638512896, 9.0224622945
9.76689012624, 8.45974690185
9.45677226341, 8.97276179145
8.69492194241, 9.65045457231
11.2228004657, 8.29706498556
9.27366883024, 9.29384642369
9.0571414865, 9.83054987555
9.42224958136, 8.84782760113
10.8159801118, 8.24659694215
9.49243605985, 9.61795140566
10.3991767381, 8.00278750461
10.1165134275, 8.76643013774
10.7293526294, 8.17805571025
10.2467452892, 8.53771311953
10.3396186345, 8.37929642964
10.0407623896, 8.8352167901
10.2341560553, 8.49381028018
10.2349446097, 8.54221654995
10.5454848475, 8.44301611702
9.83095549126, 8.27232224805
9.86270729627, 8.11644797876
9.85682729529, 9.55197202663
9.87057584397, 8.388953928
9.98722514543, 8.72484371806
9.44813294941, 9.60350825679
9.47198270366, 8.88236772636
9.68790565222, 8.86327378448
9.69939363284, 9.41545827935
10.1190989199, 8.08473341784
9.86474087693, 8.45354458962
10.1861117966, 8.52622472502
9.68822608841, 8.59027061661
10.8597940202, 8.02318868164
10.99641034, 8.16038145422
10.6154520498, 8.19435304679
10.1274579548, 9.63145377537
11.0866291975, 8.72074007388
9.76177859645, 9.0745302791
10.5484215396, 8.25645411754
10.818358304, 7.97630059827
10.1736080102, 8.96937864994
10.4446968191, 8.27379619071
10.341646263, 8.55263209508
9.7269572777, 8.38915178237
10.1222385985, 8.29214428316
10.1137256992, 8.29742005201
9.95337340843, 8.66643618635
10.2541926464, 8.42088399363
10.266613408, 8.83977019424
9.9559501084, 8.4800858748
10.1969386004, 8.65360655935
10.0509266726, 8.6188077064
10.1673325252, 8.63690421858
10.5292846775, 8.84566399202
10.2469295765, 8.26993071523
11.2186060171, 8.3399421752
10.7142877277, 8.54474508154
10.9711910875, 7.76428280439
11.0331950148, 8.17071684181
10.3192573202, 8.22089348868
9.96471467105, 8.72444609359
9.99191568944, 8.40625737074
10.9623461185, 8.68880528398
10.2126453935, 8.4055098242
10.9044120756, 7.8976111262
11.0090050362, 9.00519968501
9.77666858896, 8.15875187656
10.3305586203, 8.12741523925
10.6095934471, 8.46244358299
11.0165942273, 8.20844794575
10.861441413, 8.32636314572
9.99697849376, 9.42007966229
10.2857409872, 8.79170386888
10.0714275436, 9.04645817659
10.9034742071, 8.31640931297
10.4515107888, 7.96952923645
10.7394779511, 8.2179689465
10.5352158736, 8.2778107914
11.0432841046, 8.12356794756
10.5576618375, 8.53821409295
10.3595498203, 8.42983356038
10.6224909477, 8.11157350003
10.7494944977, 7.99742064249
10.43497919, 8.21061634581
10.8138550009, 7.82768740836
10.8296429399, 8.08785598231
9.99903281013, 8.29002086205
10.6826730475, 8.28277427358
9.87953072379, 8.85135199537
9.54515137591, 8.87912974983
9.88274035966, 8.30618442674
9.794093266, 8.70073370702
9.81931779671, 8.24292128985
10.8171370747, 8.51112351923
9.85942937557, 9.60335005472
9.82830526409, 7.98994758535
10.2083644549, 8.99056726281
9.81527218534, 9.17701244113
9.33323088183, 9.13485388889
10.1618998892, 9.25781376419
9.90717687699, 8.4858140085
9.90928956977, 8.82784875788
10.7701966914, 8.1081538879
10.5824789727, 8.2937353732
9.98144541665, 8.55427309606
11.1169553378, 8.24486572022
10.5187779974, 8.57894435044
11.4846985173, 9.40056144374
10.129224869, 8.6040354846
10.2836677604, 8.61110196541
10.140909975, 8.49310609377
10.3309320212, 8.58683826817
10.6881162391, 8.20813113786
10.734913638, 7.84776669943
10.9696500534, 8.24282884939
10.6064113646, 8.19869782925
10.3296695058, 8.57398686904
11.1383675472, 8.23726629784
10.3636474194, 8.4801961927
10.0370793051, 8.49679927936
10.0496315317, 8.25678206135
10.9403006136, 7.81779132693
10.0414367379, 8.56564931387
10.6672382219, 8.14009983799
9.41721453768, 9.25970588958
10.2546856885, 8.28114127256
9.89111868308, 8.40456540038
11.2121176651, 8.94492536372
11.0606086962, 8.10724854881
9.95767652597, 8.21784764262
9.83419414677, 8.58566423518
9.6665747065, 9.01549383025
10.0230051402, 8.25160561751
10.6305168793, 8.29110132435
9.8576638505, 8.4548809329
10.6497268027, 8.08935205167
10.3932678141, 8.18330042128
10.8393905012, 8.48155830761
10.9337574867, 8.11926331104
10.6398652095, 7.97022785904
11.0108557701, 8.75218919081
10.8146164826, 8.25436736313
10.5584831954, 8.11649890702
10.4597625476, 8.2018397606
10.9160766399, 7.84071554565
10.44761104, 8.0582069377
10.1255036251, 8.59195257272
9.84269977827, 8.35066151852
9.70597097024, 7.94828331056
9.95530622534, 8.60840204547
11.0379061546, 8.78520593983
10.7651128165, 8.25008566633
9.83433283145, 8.46020107114
10.5246527981, 8.00857527968
9.88550560737, 8.61596357984
10.3829281835, 7.98477693246
9.91042326642, 8.38546188814
9.17144598445, 9.16104202688
9.68974919523, 8.45167504603
9.62136300488, 9.36188450748
9.89016399646, 8.82065437432
9.93176071033, 8.11191234462
9.83060480346, 8.64142435134
10.4431385287, 8.12195863853
9.65502402427, 8.26091898744
10.5089564527, 8.19265776025
9.99018114804, 8.47933012128
10.0068933905, 8.51347108418
9.85786851153, 8.52269085944
10.2397255743, 8.39279191609
10.5005718299, 8.00877267458
9.76323635385, 8.41395107317
10.575257419, 9.37046691629
11.2732594616, 8.93027040682
11.0566018418, 9.00447402708
11.1981967911, 8.42608244833
10.1721223586, 8.44219916773
9.52358627209, 9.17874499068
9.35338353293, 9.14640338638
9.29010666802, 9.2194648674
9.68667578347, 8.61077028976
10.5998380425, 7.88395728484
10.4194716311, 7.96724659657
9.45561085468, 9.07693893033
9.83266074418, 9.63717944489
9.25978326705, 8.97197566832
9.56916239212, 9.31702060559
10.0089263934, 8.3137965695
10.2333260696, 8.90490364331
10.1136288774, 8.53174167684
9.78844040284, 8.56977950436
9.95610412215, 8.58455128932
10.2046298019, 8.36446065461
10.1981454154, 8.43117127362
11.0394664394, 8.16570447898
10.6524113469, 8.37237057387
10.0265988005, 8.28422171437
10.8632434092, 8.15136521509
11.1421369641, 8.57889141178
11.0504050444, 8.56967289509
10.8734189657, 8.25233584994
9.92521151176, 8.33025940688
9.99901454548, 8.2644431333
10.3992862269, 8.60553500008
9.72704943709, 8.00869952914
10.1660164962, 8.38630398693
9.988375856, 8.22470169245
10.1807659379, 8.22019660469
9.8832178317, 8.43864900241
9.55868696925, 8.32003399839
10.0147238085, 8.17441881012
9.54358636325, 9.13878607775
10.5364237362, 8.36164766974
9.47929324186, 8.59603046129
9.83688476147, 8.51201702844
9.81663726685, 9.45771650295
9.61397217975, 8.82287952355
9.79193756521, 9.31251360416
9.35954177385, 9.01019424317
9.9992123436, 8.48717693154
9.89002904444, 8.22749123639
9.46817788637, 8.58460717952
9.7008507133, 8.78194370243
9.50421255542, 9.24548775314
10.0656404575, 8.25947311986
9.98760568369, 8.51227503946
9.80344611666, 8.37320002487
9.69106186411, 8.53104038679
9.96429269193, 8.77093830075
9.33159805966, 8.95454015135
10.9151523719, 8.0910473107
10.2721485874, 8.45895152454
9.51760133805, 9.32891907172
9.78403224823, 9.10028442081
10.2580395234, 9.46475355067
9.15874165359, 9.08186512543
