11.5733164701, 9.51273484244
11.5068095328, 9.4898609142
12.2347673591, 9.41292787226
11.6381488413, 9.19372609795
10.9709866065, 9.52023540237
11.5441571737, 9.37347011864
11.5483576169, 9.29990984989
11.5241887636, 9.01586579988
10.4767424403, 10.274563573
11.0983613663, 10.6456919712
10.4899267229, 10.2233319769
11.091177278, 9.45636495917
11.9687551654, 9.91918755416
11.4218145671, 9.19518281114
11.0704791555, 9.05065495403
10.35077132, 9.89750001243
11.2401495567, 9.21092024621
8.48521649175, 10.4110169712
8.50586014361, 10.490745512
11.2424361683, 9.35019803878
12.5160267573, 10.2419920071
10.6080166186, 10.3010952922
11.0692668255, 9.42555520633
10.909992601, 9.36516924261
10.9089434813, 9.29303325055
10.6536901113, 10.2932504023
8.74099279509, 11.456562438
10.2028198198, 9.79169780866
10.0333953633, 9.52287895427
10.4590084536, 9.72130908392
11.2146757191, 9.28683343939
11.3659300699, 9.21404822776
11.3375028992, 9.27237395992
10.4425828724, 9.97086544559
11.1671882982, 9.42703628482
8.39753132293, 10.3697801874
9.55828556053, 9.83002389917
10.1868610802, 9.68475307046
11.8740814924, 9.13401265534
8.36445505239, 10.349040241
10.1235060491, 10.0256474693
10.0161299657, 9.71237074779
11.7452373262, 9.57023786632
11.3042708078, 9.50840634107
10.4296655282, 9.88832562214
11.1288905201, 9.11936543451
11.5679969197, 9.24122723825
10.8920988313, 9.08201050241
10.4381338631, 10.4804460776
11.0126349225, 9.56368023802
10.9069273287, 9.12406574648
10.7918695938, 9.3954381697
11.2484348812, 9.22814813736
11.2317975552, 9.52540472237
10.6331708069, 9.40082319547
8.36826407136, 10.8918557747
8.92471318206, 10.5998290516
9.54068438298, 10.1585827113
10.5852145529, 9.22791482277
10.166895929, 9.73270052638
10.0940188024, 10.0925530953
10.8531030832, 10.5486619986
8.80399903536, 10.9056594638
8.81871822812, 10.5123477236
10.5112224275, 10.1541419177
8.766963939, 10.4689331464
11.3272082135, 9.07633487696
11.0709288913, 9.22265485292
11.5460230387, 9.44814018915
11.3715445548, 9.26741018815
12.3135565111, 9.84631439071
10.1397113534, 9.81258718658
11.0730419922, 8.99306951365
11.2845984774, 9.00923171445
9.93664769834, 10.1598399328
10.3607827709, 9.81973420693
10.4629172748, 9.98557376664
8.41545785636, 10.562644664
10.8255931528, 9.61649418615
10.3540489093, 10.0785891267
10.1895879456, 10.089980562
11.0482253215, 9.28894641783
11.2244056957, 9.34855186078
11.0990055437, 9.07303763747
11.2796278398, 9.38377669765
10.9843972812, 9.2701291923
10.9726702361, 9.29893261685
11.2052550147, 9.47019414307
11.22116281, 9.53112054672
11.7637299391, 9.3358551993
10.7043811625, 10.1045450523
11.5874277018, 9.37580333813
11.4594880031, 9.32229960008
10.7530592319, 10.3595916017
11.3518895391, 9.68166818184
10.5945122956, 10.3408713905
12.4356949468, 10.4880421444
11.4555552089, 9.55743799573
11.7933968585, 9.27667661593
12.1871372655, 9.78783736339
11.2472336695, 9.46328126254
10.5068060482, 10.0139418125
11.059733955, 9.08101552818
10.6060645986, 10.1366790026
11.5740543555, 9.45111740059
11.2244071651, 9.19895135181
9.92110641959, 9.87617325422
11.0556632293, 9.67542026754
10.7621164798, 10.4647667891
10.5438693485, 10.0075382404
11.7171637859, 9.36564532937
11.4416213599, 9.15500898454
11.6247179906, 9.07877083852
11.3795528793, 8.97285772049
8.43208390073, 10.2638133134
11.3944405622, 9.10800711401
11.0386084269, 10.2563368936
10.4937295344, 10.4745784286
8.5365605391, 10.5768585147
11.2569914688, 8.96960251116
11.0895362771, 9.12261021097
11.5064018935, 9.23724912996
9.85035686016, 9.71234430235
9.80773426546, 9.8963447606
10.8561122656, 9.36234794925
10.3833416615, 10.1261671954
10.0325254611, 9.96860986237
11.7560234552, 9.81552883399
11.3050445142, 9.36559881641
11.1821512772, 9.51564649113
11.1361248227, 9.35297334341
10.2603229145, 10.1217625423
10.0149204043, 10.15057207
8.69487204656, 10.4286388804
11.0685086996, 9.34733739553
10.9917088603, 9.33197399117
10.0522794217, 10.1086987469
11.6113730559, 9.39661053846
11.0514667144, 9.42164605268
11.6699536004, 9.07897483995
11.4504595484, 9.69324098009
11.4381386953, 9.80727710598
11.1771277334, 9.35562946357
11.5739583376, 9.65154453816
11.6040204377, 9.35972724003
11.6902328373, 9.87653011323
11.3279367575, 9.12683376673
10.6567075244, 10.1643917834
10.7601743341, 10.5150408847
11.5135259644, 9.17186040605
11.4056567257, 9.6521721414
11.7366659793, 9.36423105372
10.6030756837, 10.1184506703
10.1166676483, 9.4294946918
8.62899099998, 10.3149086119
11.6000503083, 9.44495264653
8.79225142031, 10.7098607661
11.3795387812, 8.90467897386
8.56691364767, 10.2844719151
11.2396140553, 9.21210358273
11.0251996084, 9.23576513392
12.5129363476, 10.7380246719
10.9638509534, 10.3230926058
10.4298710789, 10.5296537406
8.49667190035, 10.3954525198
8.45703064195, 10.4407789848
9.6884097822, 9.62399821493
11.4491000151, 9.40745731922
8.78968513924, 10.2727334343
11.6955157967, 9.58003129774
11.2628159012, 9.23369579945
10.4409810569, 9.92247927676
10.7421589774, 10.2573906717
11.3572185479, 9.36055332873
11.4470571343, 8.8951147084
11.5398044009, 9.15897235301
10.606943348, 10.0211871337
11.2363056567, 9.36907253719
11.687247694, 9.53768470979
11.3935073951, 9.1503357701
11.1890907989, 9.57669155362
11.0914363103, 9.48329134886
10.0548773075, 9.8539293094
8.69862076382, 10.0039568508
11.5224408614, 9.44727228257
10.7859446419, 10.3683401204
10.2870066884, 9.86021779008
11.4623690012, 9.3143285837
11.0580007466, 9.58831739962
10.1127807938, 9.93381738587
10.9116975548, 9.4294946918
10.0971596233, 10.2473187348
9.55074692161, 9.58889083958
10.0272996862, 10.0625226745
8.57482111891, 10.504379679
10.0281495916, 10.005743413
11.0126349225, 9.61729173692
11.3544171725, 9.33842574033
10.9431339284, 9.59768981636
8.46103400701, 10.5380690015
9.96140751082, 10.0487376901
11.1795523493, 9.30772378097
10.4630011447, 10.0629476716
11.1652232089, 9.42048511292
11.3341819442, 9.74884127428
9.49291737838, 9.62963744221
11.3087711612, 9.64086722001
12.4933746543, 10.7843010518
8.56179770396, 11.1567771318
12.4080110325, 10.4146242379
10.4335667803, 10.0994212871
8.47132076662, 10.3279622129
10.969303597, 9.16322076525
8.772471619, 10.1190615314
9.96277432249, 9.90997895545
10.6780553712, 10.1186564875
11.338745152, 9.33717421021
9.74306077835, 9.82278700031
8.68752283568, 10.6811240886
10.3779259344, 10.1733752808
9.71467841433, 9.93441433801
10.0642054524, 10.0143143658
10.928138696, 9.58321811665
11.035070772, 9.72246174427
10.041297214, 10.2220542526
10.5516653841, 9.40199765397
10.051805288, 9.95798132674
9.98823812768, 9.85795959269
11.5577964152, 9.19019163035
11.0998635025, 9.19518281114
10.9040835872, 9.36540124226
11.3752635528, 9.41035233536
12.3693014234, 10.4493519561
12.232760893, 9.97685039969
10.6927048357, 10.1459672813
11.3418361889, 9.45009654986
11.4312651114, 9.50408030724
11.4206730673, 9.63054668939
10.6918897586, 9.1656643568
10.2715262103, 10.3078863881
8.52396437174, 10.6505062039
11.354179859, 9.22057641817
8.42951952331, 10.4773989167
8.30174265916, 10.0494685893
8.32440047772, 10.0785891267
9.91216806597, 9.56095781103
11.6410023652, 9.98725845816
8.44601087519, 10.0124193713
11.1135248303, 9.17074096773
8.53329354306, 10.7298544556
8.51409101313, 10.6079588224
9.75912092717, 9.43457172257
8.49907527997, 9.82786333259
8.55586423217, 10.5104541844
8.55220483293, 10.4378216721
10.1989789783, 10.1558695877
10.680700558, 9.25833055619
8.80374309638, 10.8973872081
8.67038408124, 10.7605044061
10.0541411808, 9.66192444363
10.0473862215, 9.97383516143
8.53208099006, 10.0951787306
10.5325659832, 10.1174664047
9.79809145744, 9.97284977588
10.72270915, 10.1393111767
10.0201765495, 9.59580803782
8.4693619063, 10.433700448
10.6131143029, 9.01862713508
8.57763940868, 11.0141501352
8.59958171221, 10.3504641915
