10.1516182896, 9.24632930309
10.3703988577, 9.17020430662
10.4425853644, 8.59137287889
11.049264047, 9.44792977255
10.3337539065, 9.3626819032
11.2047870188, 9.08643188743
11.4218817019, 9.49819184836
11.0422798035, 9.35271212933
10.5523155557, 8.68381644261
11.6138921381, 9.55565111159
11.3289016385, 9.29409009176
11.4124358828, 9.45567962655
11.0038897901, 9.14132377678
11.1214880929, 9.35139083339
10.9206357054, 8.87117292485
11.4644567376, 8.91360128383
11.3284660231, 8.94527864429
10.3364816725, 10.1905786455
9.96480331363, 9.43613763657
11.4091168359, 9.37471302053
10.5652207006, 8.93937998846
10.1445729601, 8.88900649787
10.1584324381, 9.17879339502
11.0389446823, 9.61650270647
10.1853463529, 9.03999869914
11.0901303141, 9.10675997004
10.6497436568, 9.57546192502
11.5880248505, 9.31180188137
9.22973907584, 10.6277692349
10.3732842107, 9.52486572678
10.4444136845, 9.30910861861
11.00791304, 9.19438156616
11.2741026392, 9.23301365864
11.3158485329, 9.68232256627
9.41069849431, 9.45975924241
9.53067035577, 10.0779225693
9.98488428657, 9.88455287961
10.3280041673, 9.52549646947
11.4931121569, 10.0353101378
10.1390663026, 9.71070866769
10.1441502313, 9.85007062108
9.91970514358, 9.79555720656
11.1171199929, 9.18852626339
10.0192031634, 10.1696735805
11.343511657, 8.91511709168
10.3932110091, 9.01624431114
11.1902467606, 8.98832834462
10.1580465149, 9.07353437048
9.70065356162, 8.83054398553
10.1999459505, 9.02616931609
9.87733670286, 9.23714681112
10.5947581722, 8.84077522702
10.6077205154, 9.09557349685
10.1972669435, 9.03903323627
8.88097176972, 10.5527631638
10.701084187, 10.2510467791
10.1077310487, 9.28323944488
9.94734317111, 9.84235618564
10.7304808985, 8.96075451548
10.4892621825, 9.35712681196
9.98741460857, 9.9545769988
9.83846714431, 8.9041953169
9.69863035024, 9.87170275598
9.90941209657, 9.69956470037
8.59638303015, 10.570742994
8.93757892463, 10.2384478736
11.0705641223, 9.04178135493
11.5319183255, 8.74568585111
11.1764749761, 9.35139083339
11.0814240385, 9.10433081331
10.9944191606, 9.24655137682
11.4128184656, 8.84212609166
11.2201445407, 9.16609343187
11.3004376201, 9.28936682598
10.5451891914, 9.4937694319
10.9514427868, 8.82173249822
10.4468400584, 8.98863189862
9.52667191755, 10.006579617
10.0469718291, 9.30699528157
10.4282823306, 9.20644659178
10.6980592467, 9.2878925711
9.99987390513, 9.23120418507
10.6276829393, 9.56770167297
10.0787861882, 9.04938299092
10.3150644964, 9.74933284957
10.3940163581, 8.90233588485
10.3922928969, 8.80399903536
10.1569550391, 9.89101941721
10.2482538542, 9.28936682598
11.2009756862, 9.14726167704
11.2377986486, 9.2585441432
11.137878852, 9.43253413889
11.2627645895, 9.47112985639
11.2035774772, 9.00650075583
9.81161139346, 9.42690264873
10.5464964686, 8.77373369925
10.4309033181, 9.00131924137
10.6394886508, 8.85709071025
10.8786836727, 9.17829287781
10.7111828392, 8.87853061985
10.4281639729, 9.47007292515
10.7771788956, 8.86587104788
11.2038301081, 10.1111599159
11.2578644607, 10.1253414475
11.292471536, 9.29994200335
11.1916556339, 9.40337638851
11.2127992046, 9.79096311751
10.5127147663, 9.18604251266
11.2859375883, 9.79220356789
11.2706585347, 9.26477232394
11.0980687831, 9.09403352342
11.1453829427, 9.22507338451
11.0889822807, 9.18156332913
11.3097453124, 10.1742378471
8.98405965347, 10.7853096456
11.0465904906, 9.10079909846
11.1087649053, 9.33225664338
9.17822517921, 10.4230529923
10.9311137001, 9.32309626903
11.3293612007, 9.16105650333
11.2178546082, 8.9527362845
11.0819432488, 9.07774988129
10.6315503396, 9.51496933807
10.3649944088, 9.25393093908
10.1725018662, 8.35233650665
10.1363574892, 9.25246320007
10.1281045519, 9.1308241074
10.9042848676, 8.4518851825
10.3813097507, 8.6865976452
10.0723409713, 9.55937799611
10.4132936746, 9.35520585625
10.6807241313, 9.35381224317
10.4760309362, 9.10577223262
10.7324164877, 9.79967547
10.5344325506, 9.16260267064
9.7218435372, 9.5065165082
10.947003207, 8.74043909544
10.8821539266, 9.31930394263
10.4614071757, 8.97387546106
11.0916639547, 9.59664700898
10.903666096, 9.08712760364
11.0249905771, 8.83948480065
10.6336035737, 9.31339598262
10.4410262799, 8.76187370215
10.6891609868, 9.17497207603
11.0045546471, 9.21266429884
11.4069775984, 9.4448354698
11.0750910068, 9.19766431659
11.2864869092, 9.05549267497
11.2819992359, 10.2617894416
9.96008808498, 8.77944476356
11.131775698, 9.07353437048
11.1727447019, 8.72774335761
9.31206217708, 10.0779966907
10.0971491553, 9.58311795877
11.2745383064, 8.99217497341
9.29538915262, 10.648856456
10.9016364789, 9.6626452154
9.91779344949, 9.88679013776
11.1467440848, 9.42769295993
10.1885612713, 8.82359216819
9.91174370955, 9.21255955608
10.9631179903, 9.03152902636
9.80313491014, 8.87513231184
10.3037856913, 10.0111129196
9.30445947186, 10.3049341233
10.0127005784, 10.1830265346
11.1824123172, 9.17995810254
10.0381739398, 10.1651124694
11.3423070821, 9.27604749438
11.195669903, 9.54134855476
10.6718599943, 8.83672470222
10.9567336681, 9.30310404814
11.1686872018, 9.26327982979
11.1579704576, 9.29238936423
11.2023312302, 9.21421903864
10.9706289009, 9.00650075583
11.166673028, 9.35996178618
10.8048330412, 8.85516008191
11.2732350823, 9.34128112908
11.0223021506, 9.48725728672
10.1243952116, 9.316512866
9.85870024566, 10.1061518265
9.47547730139, 11.0537595179
11.4605871519, 9.33290587858
11.1331349484, 9.37829888534
9.8921957623, 9.68108306403
11.4377424054, 9.40088147742
10.4005303114, 9.48346911805
10.9379622126, 9.81081906036
9.98079787707, 8.86139872445
10.051805288, 10.0969915317
10.560459028, 8.92448685344
11.0168289948, 8.41918134873
10.3527865157, 10.4379748108
9.74604944766, 10.1861343891
10.6724148269, 9.07060379672
11.1359574655, 9.5480494756
10.4543872119, 9.15952733559
9.02394209149, 10.563968761
10.6691937147, 9.26923967525
10.3884094645, 9.11436160603
9.67888511731, 9.67815832093
10.1920131687, 9.14129775232
11.1968717456, 9.81834879765
10.5100233098, 9.38953738563
10.2645327965, 9.10577223262
10.1196739829, 9.53010663279
11.1439152321, 8.5975150129
10.4446355928, 9.23724995076
10.3578340345, 8.90312745997
10.0240908592, 9.77172876769
9.94416530636, 9.58409101534
10.1517267825, 9.53121833238
9.49107075403, 9.68772364639
10.8912698757, 9.51856668435
11.0121156481, 9.15633323755
10.3397341271, 9.9833956096
10.6770929787, 9.44432949441
10.0597946326, 9.71541532956
10.549459048, 9.19006268061
10.7628652333, 8.80735611322
10.3441294561, 8.69610591904
10.4816026469, 8.66233417207
10.1830602702, 9.26783324263
10.1129671037, 9.11936543451
10.6870634209, 9.4166349111
10.6244936931, 9.02776783729
11.3051362656, 9.16105650333
11.1861004287, 9.54539514589
10.2746716901, 8.98103026263
11.0044227222, 9.22973907584
10.4866025782, 9.00457114141
10.635788383, 9.20262454308
11.2321980015, 9.36689092411
10.2734966512, 8.97966159146
9.92294590871, 8.70724365232
10.2283502826, 9.02436725253
10.5899365048, 8.92636318405
10.1729075224, 9.03487143078
10.2849053801, 8.88674837224
10.4252276047, 8.96487109385
9.77940437673, 10.6317450485
10.1687140538, 9.9514428404
10.3659823428, 9.25570683855
10.4409429965, 10.1243952116
10.7807775693, 9.22054650138
9.8732630425, 9.88269418046
10.4482063334, 8.84972772765
10.4071773454, 10.3353880285
9.7329160632, 9.97212900771
10.805470446, 9.10079909846
10.1920131687, 10.4347444768
9.54134855476, 10.4385368086
10.0438051, 9.83580576597
10.2211615726, 9.26783324263
10.3241388677, 9.66162499359
9.57851089528, 9.60156336796
10.705188864, 8.76321498557
10.3998606358, 9.1299037923
9.79201894819, 9.49513874719
10.4204338225, 10.0121987445
10.6410786774, 9.05286092537
9.88371642195, 10.1262870631
11.0886848128, 9.54679292296
10.3901209985, 9.95039069297
10.603977873, 10.0792984329
10.6363407265, 8.90978157887
10.1111599159, 9.81834879765
9.26330847454, 10.1111599159
