10.1002351042, 9.90471337405
11.1057470561, 8.70724365232
11.0731200396, 10.9612622812
9.19496570247, 12.2917612557
9.78537316983, 10.2670944581
11.1125553759, 11.2415003386
9.27541918719, 12.0837273876
11.1245584333, 11.2809382137
8.91230060681, 11.635888671
11.5701642589, 11.7102878503
9.25444632974, 12.1551144278
10.9532960541, 11.2205985923
9.20477508941, 12.2319373329
9.42426672931, 12.2091029202
9.19491348307, 12.4866279522
9.07601439821, 12.3866932416
9.19641130423, 12.136383458
10.4995164369, 10.6340526591
11.3469755298, 9.19766431659
10.8440990348, 11.3456203118
9.14599396597, 11.6303635575
8.612861127, 10.8135982511
8.47926693537, 11.1357805233
10.4413114039, 9.43679527476
10.636401775, 10.6130315226
8.96511909719, 12.1732773514
11.0643689722, 10.8489631888
9.60935985222, 12.221772503
8.80490969401, 11.5703442099
8.57725920132, 10.9270178865
10.3708144781, 10.2045302381
10.7303093243, 11.2238200501
9.21321270942, 12.1426708157
11.2344861072, 11.2746830449
8.20638802635, 11.0937734294
8.73490351118, 11.5328798885
8.37355734583, 11.725103302
9.11874696486, 11.4797922031
9.41165273907, 12.1869184921
8.52310815938, 11.6734911863
8.3596630803, 11.6040834769
8.87664612748, 12.0686622541
9.09681330361, 12.2019964862
10.4099298205, 10.6200494476
9.08687656792, 12.372536758
8.79179228913, 11.3986387935
9.2765286777, 12.2086994754
10.6759099993, 10.5940446647
8.77846166391, 11.3880152842
8.65428260021, 10.8639801764
10.8069934175, 10.5766978137
8.88165540683, 11.343786316
11.089968227, 10.8868675442
10.4663453448, 9.53946577048
10.9724550781, 11.0618328992
12.1804763732, 8.78364943548
8.67270002529, 11.0406665713
8.85089269353, 10.6416622213
7.8945264175, 11.6930979865
9.02188656422, 11.8530539936
8.12606827593, 11.1941435279
8.58696934462, 11.2912220617
8.82548728347, 11.6040398985
9.06739504691, 11.9471625391
11.9219371522, 8.6918018839
10.6807971009, 10.7092039318
9.28298190745, 12.0259795662
11.6821740453, 11.557453025
9.17995532357, 12.1245181888
9.0780245232, 12.1124367087
9.44977057867, 12.1008117778
9.03409706527, 12.1957726353
8.92265567467, 12.2883983391
9.02992728408, 12.3684942909
8.39118077399, 11.3685896249
8.84559497888, 12.2253346267
8.87149374309, 11.5006919693
10.2634802552, 10.2159586895
8.54307733681, 11.0462234252
8.44973931808, 10.9704427209
11.2446975805, 8.39360975291
10.7841773934, 10.7275445614
8.44522596779, 11.0530250101
8.71793874883, 11.0184768447
8.2649395897, 11.2080121977
8.73071942841, 11.2964744565
10.3338713331, 10.5742822933
7.8945264175, 10.4297290207
8.73819273722, 11.1930508098
11.2299300253, 11.6121310231
9.19207571552, 12.038023999
11.2816222839, 11.5257300088
9.30476385801, 12.335190803
11.1804636942, 11.0269900084
9.54216071362, 10.3503887964
8.5229481118, 11.6350072352
9.52040787475, 11.767902915
8.99867413594, 11.7549643003
9.16393487354, 12.105963555
11.7660561088, 8.43942157265
8.38579024845, 10.8064987143
11.8008552012, 8.66889816155
8.35100951059, 11.9657078573
8.82372560152, 11.79985302
9.02106768795, 12.0319560817
9.08458255906, 12.217252663
8.16180153937, 11.6723185345
9.35591634706, 9.91846216581
8.25698656679, 11.877091858
11.0009134434, 11.5759010564
11.0090710774, 11.3504179295
8.57343758469, 11.9514716015
9.21716043092, 12.0720430718
9.14559602045, 12.5314257222
9.2043075063, 11.7136755674
9.19491348307, 12.0969147293
10.9188754562, 11.1304246349
10.7707785191, 11.2473688379
11.0865747399, 11.6001138201
9.02790066302, 12.0315361032
11.1609983832, 10.8320076426
9.31232932897, 12.3413503745
9.14559602045, 11.83175551
10.3032028703, 10.5250025412
8.3667435196, 11.0002592319
8.57537339495, 10.9550492363
11.0874446658, 8.40382775657
11.4850145205, 11.1955894627
9.28679944644, 11.3681960778
10.419339387, 10.3063964824
10.6443769707, 10.3128829553
11.7312681492, 8.79034433425
11.5717059226, 8.81887327452
10.5052840039, 10.8140254931
8.71129274978, 11.3704777305
8.19026343027, 10.9128893362
8.85089269353, 11.9436825074
9.22579575441, 12.0111374916
10.6013752263, 10.2023520551
10.8849820976, 11.1342927117
11.0495730164, 11.0593153744
8.63037667831, 12.0392108248
10.5738475282, 11.0018319541
8.35984770944, 11.1342927117
8.67331892828, 11.2400310105
9.44585577709, 12.1679956897
11.0014460381, 11.4282553066
9.53423896681, 12.1023128106
11.390077873, 10.9248179505
8.99591019875, 11.7349000257
10.3824821495, 10.3244315316
11.0916639547, 11.2815099578
8.89254039089, 11.9903227987
9.14085368262, 11.5146700629
8.9866073453, 11.8720597713
9.27923439034, 12.3403443671
8.43291260361, 11.8149546541
8.24980608613, 11.9486733543
10.5832206129, 10.8146092126
9.33219393223, 12.1835155911
10.7825128577, 10.5290386042
9.16164870926, 11.1906322832
9.16443645033, 12.1488356578
8.81723221838, 11.1832103617
8.65018671723, 11.8369331398
8.56947473911, 11.4209678685
11.2356764436, 10.769077187
9.16164870926, 12.2298362182
8.47208306046, 11.2326683344
8.92833949982, 12.0741649681
9.16548304778, 12.0765350989
11.576048572, 11.1133113049
11.1546834993, 11.0194673993
11.2257622057, 11.1699293194
9.15213148428, 12.0507791703
8.76795886399, 12.0753080921
8.63430126394, 12.1880832304
8.79873439544, 11.9620802814
10.9897080405, 11.0566878495
8.98367484046, 12.3931402205
11.1883305295, 11.0482462959
10.3414560676, 10.3947814219
10.9902380023, 11.1047636117
8.53583905076, 11.4058505461
8.76192734355, 12.1003496973
9.02790066302, 12.0777898271
8.27163694718, 11.0793261598
9.25563183657, 12.4128074933
10.081099084, 10.3947814219
10.8321461335, 11.1239651176
8.27665277014, 11.025960276
8.58493114852, 9.270473446
10.648452479, 10.4631609326
9.35439412668, 11.8897654547
8.54503563024, 11.411666288
10.8521610403, 10.8831295106
8.61913239689, 11.0017016361
9.19082129901, 11.8906979568
10.0458349539, 9.70326674326
9.19641130423, 12.005147644
10.0492461907, 9.94659455466
10.6005658025, 10.2008575946
10.3447880007, 10.2734966512
9.00296534516, 11.0923649862
9.03882164853, 11.955739021
9.98778712722, 10.717608015
8.94033753898, 11.0369957323
9.58048544363, 11.7277370323
11.0415690953, 10.9242346451
11.3096574981, 11.3586083112
10.5695521962, 10.6908084584
9.05702835574, 11.9243082165
8.78749559161, 11.4828984595
8.76590947441, 11.3902437436
10.192069531, 10.6024884613
9.28298190745, 12.0862793018
9.11265351505, 12.1959779286
10.4026239726, 10.6286521336
9.05702835574, 11.9509027411
8.72449124676, 11.1571268961
10.9941867036, 11.1173317041
8.77668608602, 11.5976822203
8.42039878484, 10.8768104337
8.38716023359, 11.0452315005
10.2908235285, 10.2629810248
10.5788377056, 10.3033031733
8.63037667831, 11.1713482069
8.74850462861, 11.5006919693
9.04247306676, 12.2058239023
11.0770932448, 11.1982807134
10.583857877, 10.1554960342
8.92418484242, 11.992667257
9.32841633722, 11.9352875674
11.2439044485, 11.1601291589
9.4519311304, 12.2403868209
8.54731899223, 11.5188962513
8.52696708088, 11.0588169229
10.6919320365, 10.4137000296
10.1804028967, 10.487238605
8.99217497341, 11.2441913896
9.20090316168, 11.5615381578
9.86384443375, 10.9694815871
10.6878904625, 10.7691778266
8.97797143752, 11.942310684
8.71129274978, 11.4950283986
10.6270627099, 10.9814595538
10.7670891182, 10.5920148426
8.612861127, 11.7194365353
8.64236713953, 11.2646017427
10.8502323279, 10.9982881467
8.88258668777, 11.6422084886
8.98863189862, 11.8752397737
8.95319101969, 11.5893799369
8.84371678084, 11.2478392368
11.1006660337, 10.8751607972
10.1688203777, 10.2225322784
10.2955250687, 10.5304534772
8.57369308104, 11.1292558573
9.20605207561, 11.6439316075
8.28642783781, 10.9591875185
8.66682785283, 11.5799509136
8.33487707494, 11.7355063112
10.8452380587, 10.9534032433
8.7803471158, 11.5969448437
11.0752596726, 11.2752071832
7.97577105878, 12.0675302514
9.08985399307, 11.9393857972
8.94885569754, 11.357683024
9.33219393223, 12.2089888927
8.52112606704, 11.6095440488
