10.3153081231, 9.05697100381
10.5144620157, 9.38052264507
11.3297880038, 9.53759370204
10.7671083677, 11.319323766
9.46613522957, 10.3281652573
10.6178075455, 11.2647709303
10.8586360361, 11.3347146575
10.9243176206, 11.578204131
10.4268112617, 8.75924772931
11.0439662044, 11.9226962041
11.3084565103, 9.15555183109
10.4174519628, 11.0203500805
11.3522957645, 11.686941498
9.16712897157, 11.6296752603
9.34273560899, 11.9473404308
10.6954716437, 10.8703990985
10.4001213013, 11.1004971361
9.14078415599, 11.1628373414
9.08201050241, 10.3303596022
11.0437846407, 9.4627676951
11.5153988907, 9.3627572826
9.51203180592, 10.3884094645
9.90937451282, 9.05127811472
10.3790345828, 9.27154422362
10.1479673189, 9.38194051189
10.9691492005, 8.63414792847
11.0170394149, 9.0199639291
10.5859293645, 11.2117933279
8.8516906249, 11.4279304004
9.75230913573, 10.0527346936
10.2979409947, 9.12000559041
11.377015111, 9.34862944205
9.40724028024, 12.1043588276
10.9014277009, 11.2817524514
9.65886845527, 10.2614876477
8.56046056657, 11.1188132575
10.0381968903, 10.3826176194
9.71568774697, 10.2430702249
10.5630901567, 11.2111679981
9.17347745436, 10.2858564874
8.97938919829, 11.4184723857
10.4018961648, 9.17320737413
10.5690117501, 11.2992293007
10.1272570591, 10.9912014943
9.1556983031, 11.8172171463
10.1099244134, 9.46961534368
11.292270798, 9.20605207561
9.66448740565, 10.305472721
9.70615431803, 10.4659860816
9.60428797364, 10.2571449122
10.1681550486, 9.00626123015
10.184941755, 9.45455985604
9.60197637395, 10.5439200478
9.4509100882, 10.2466720891
8.87101941519, 11.1928479638
10.135323127, 10.9914962281
9.57114897915, 10.6435280307
9.62428343686, 10.09258185
8.79038658866, 11.192173739
9.86850967154, 10.6466084363
8.81862677152, 10.6549710216
9.83698889935, 10.4864238482
9.95994001829, 10.7047327435
8.93941459013, 11.0684088993
9.03687854569, 11.6470488052
9.15937608531, 10.0116340661
11.1092873708, 8.66233417207
10.8500866815, 11.309934015
10.468549016, 10.8288645587
10.7169678159, 11.1771690243
10.897622873, 11.3765839502
10.2977714136, 11.3768790346
10.5641659983, 11.0322429268
11.3597215977, 9.01453367507
8.82940444542, 11.2783199424
11.2172596579, 8.72643328323
10.4149052469, 8.88308999866
8.77514211221, 11.1116203399
10.1528286337, 9.83179404307
10.4553711067, 8.93605996472
9.65408967689, 10.7149088054
9.67815832093, 10.1634345717
10.0820059287, 8.86188672753
9.40993929742, 10.0909391266
9.70237425497, 10.7939537618
10.0305696275, 9.12804251952
10.1937484823, 9.36257691955
9.62041062483, 10.0245421564
9.90048720448, 10.3884115022
10.713277114, 11.1374997195
10.6900928907, 11.394622067
11.3805699797, 8.90699247782
11.2173352092, 11.7103558023
10.8033209178, 11.0914748764
9.37540557152, 11.5116644892
9.83106475112, 10.541710205
11.3846112516, 9.14435045098
10.1446828574, 10.7939537618
11.2196521153, 9.13868853545
10.3658728523, 11.0569417399
9.52165955054, 10.2388337129
10.2983249747, 10.9462915191
11.1490674399, 11.3462094296
10.5852627516, 11.2541164611
11.395733048, 8.76198112175
10.6360469634, 11.0891723271
9.81023031731, 9.68284160661
10.106422661, 9.63844801402
11.5345665922, 9.71261190756
11.2059241506, 8.87290109927
10.7517544748, 11.4895346392
9.56271415448, 12.2916118649
11.2539732756, 8.76601851722
9.25854775565, 12.0105987778
9.94490381874, 10.7209423412
10.5930643869, 11.3366520718
11.4107173186, 9.1056861325
10.7585379784, 9.42035156535
11.4120365729, 9.08893105275
9.23660861728, 12.0205118239
11.2227639848, 9.28835556455
10.8001337306, 11.1946205759
8.77968863417, 11.4406237241
9.62802197997, 10.3471191263
9.60096712987, 10.4006392438
9.99246097419, 9.02765743697
10.2120691975, 9.16172845475
11.2599126897, 9.58468954131
9.45277929628, 10.3252260294
9.69376648388, 9.0121727774
9.46599123019, 10.4612285912
9.03225471504, 11.5674014335
8.82359216819, 11.4552067967
8.90280264476, 11.0256290092
10.1963772034, 8.81639913189
10.2339219045, 9.26380984574
10.3828329143, 11.0191883812
10.6738778888, 11.2189769254
9.73717826021, 10.5334797664
10.8983839326, 11.4522204749
10.4174537164, 11.0421475241
11.1384197087, 11.654279535
9.69054639823, 10.7324010369
9.98205227798, 9.16464402494
9.96526229396, 10.4966310677
9.703818669, 12.0629640954
10.5896296508, 11.1738860762
11.0886848128, 8.73488032425
11.2657646637, 8.77340274457
10.3942320456, 11.3016428334
9.92255714956, 9.36970679475
9.14929750835, 12.0943116407
10.6204154731, 11.1432248614
8.8866087169, 11.1869023191
10.0778351596, 10.7525931622
11.4613625737, 8.91834435466
9.11897415701, 10.6313461825
10.9527256683, 8.96896672387
10.019198953, 10.5303076263
9.33912081223, 11.7871615167
10.3834755762, 9.1788378201
11.8369230992, 10.0277806844
9.33170436686, 12.0989963048
9.5252832103, 9.98488428657
9.76421949856, 10.7928319623
9.75525545689, 10.5886606284
9.01403084393, 11.3428030796
11.0975230784, 9.05799172276
9.008427555, 10.6368974423
10.9761116086, 11.281330393
11.4050577009, 8.9985910428
10.0912934029, 10.9466229509
11.2970225595, 9.36559881641
11.1123280724, 8.75499858722
11.0462297293, 11.468829378
11.2853871778, 8.83619496079
10.7712884291, 11.1750804659
10.7007568711, 11.2980026848
10.5558560516, 11.2917264255
10.6544031174, 11.1937797195
10.2102550511, 9.60515146079
9.78475091997, 9.9589569185
9.70771272972, 10.8740926829
9.03815015728, 11.2781673027
11.8843674707, 9.29999100021
10.6598312306, 11.191381092
9.8461535945, 10.4367376641
10.7242050354, 11.0674443573
10.0841950454, 9.64160312731
9.94451341112, 10.7329587126
9.95946231397, 9.16393487354
9.03255908403, 10.9928604029
9.05416139512, 11.1750268774
9.97577872968, 10.5213517898
9.20513304747, 11.0936585611
10.2528192859, 9.17320737413
10.3044541807, 9.10920440975
9.25377025901, 11.5881000568
9.82311869076, 10.5194608794
9.05620481171, 11.3530628389
9.43510289031, 10.334415763
9.78272294589, 9.25800816017
9.01069225883, 10.1209341305
10.3563764223, 9.52302076059
11.2287110466, 8.91692744661
8.57833300497, 10.9622787138
10.2086241482, 8.99047833581
11.6055111071, 9.65410344174
10.8554000046, 11.6014063402
11.4643730403, 9.64254567589
10.1125959427, 8.98460215983
10.1961551294, 10.7615719456
9.7638361332, 10.541710205
9.4472959836, 10.0606533289
9.70233688569, 10.3674878283
11.5804494714, 9.2519422866
11.2421984428, 9.21181196778
8.99503056574, 10.9146296501
9.85238808986, 10.250789012
8.91409120047, 11.0668869428
9.48647139969, 10.3708209136
10.1132294221, 8.79381953886
9.72779395896, 10.2848156467
10.6299988119, 9.18316445586
9.43841114035, 10.6377502994
10.0293282842, 9.04913266459
9.02969462744, 11.1092523789
9.42500715472, 10.4752625695
10.9900406801, 11.6497850902
10.9687497542, 11.5201044957
9.99000903722, 9.10542870473
10.3995291366, 10.9892577864
11.7134982406, 9.50336803662
11.2663467975, 9.0545261501
10.7773510656, 11.5856657283
9.73717826021, 10.3818426377
9.70500279911, 10.4722322316
9.96815406527, 10.5967090965
10.1022417686, 9.14865310233
9.75278713163, 10.4337407675
10.103731993, 8.90753071294
10.4052831612, 9.3476024049
9.64707303279, 10.1690135426
9.90891734405, 10.4229416784
9.51925187872, 10.4919780401
9.56271415448, 10.6763456519
10.4307003224, 9.23125915711
9.38200246022, 10.3157402337
9.57132288633, 10.6036146618
10.1479673189, 10.5180205494
10.1647178321, 9.1697323888
10.177977265, 11.0300736514
9.73711876748, 10.5399983656
9.02482041271, 11.2117570432
9.67120891258, 10.48222426
8.77514056241, 10.8521903601
9.64243536248, 10.4461729053
8.82730433206, 11.0617298603
9.27051357107, 10.6305474858
9.03709272176, 11.1473197687
9.72271310028, 10.3563352567
8.8866087169, 11.2560657951
10.3797885547, 11.1925346271
9.01502740167, 10.9071810719
10.5886636469, 11.1281311981
10.8884548927, 9.10920440975
8.92518408269, 11.4575493998
9.05843222948, 11.2212442701
10.605351416, 11.2333631784
10.0341035207, 9.05039784696
