9.5957521772, 9.90242435273
9.25791591127, 10.5811795467
8.7410679957, 10.1276194526
10.2913803934, 10.513224382
9.73121644788, 9.99569063767
9.1081381334, 10.9556466661
10.4593527536, 10.6129692148
9.90017223742, 10.4178052173
9.35105520753, 9.59067952574
11.2224338497, 9.33428994226
10.1864152324, 10.3929635162
10.2367248886, 10.4223534649
11.3747484851, 8.84190939944
9.18909904878, 11.0274027544
10.3986076118, 8.89661826978
8.57967657585, 11.1136241313
9.15856038776, 10.9267578642
9.54358374975, 10.5854241315
9.15028358791, 10.0898127195
9.42740962782, 10.7401160707
10.4103075499, 10.7099949023
8.54008513836, 10.4101358126
8.85242663813, 10.0072839893
9.61431903825, 9.64838789112
9.11463883448, 10.0928864801
10.1768377135, 10.2800774527
9.36170578136, 10.9739938166
9.33355855836, 10.956259759
8.99039998651, 10.0447434985
9.44489590581, 9.80776607127
9.50104358718, 9.43038427417
9.47794002165, 10.796294552
10.4163398378, 10.5725216986
9.42770439435, 10.9978883265
9.72719344181, 9.83675763125
8.87492257278, 10.4778722051
9.78277193653, 9.9112861542
9.36273547561, 10.6486280571
10.6022920338, 10.7206672092
9.10068796846, 10.3513082305
9.21497942417, 9.61749389632
9.40627963963, 9.92978183319
10.3187621702, 10.5779138823
9.45370063006, 10.0521130309
8.77307708932, 10.9269245728
9.53091486145, 9.94110770525
10.1251475913, 10.6034945683
9.55416990873, 9.99722984974
9.02355624004, 10.5760592335
9.61843058991, 9.713498831
9.82142241908, 8.94870334075
8.84810001026, 10.2891203855
8.99192792507, 10.3446404262
9.7558283257, 9.87071560728
9.4329707767, 9.69333881523
9.18963300963, 10.2878858831
9.87357305808, 9.11680250876
9.62297711603, 10.0727434475
9.12129592271, 9.53920625407
9.14432714074, 10.2417497271
9.61749002962, 10.2285346099
8.91529075263, 10.6951981799
9.76485592006, 10.1562443933
9.52384412936, 9.75254684057
8.67261646023, 10.9164770814
9.51384017307, 9.89917705302
9.13205589716, 10.993952218
10.5240589502, 10.4633502862
8.91766676831, 11.1184016362
8.94864779772, 11.0729329737
10.3353030468, 10.5234768451
9.05639185819, 10.6840122627
8.88530517102, 10.8363526033
8.94297520574, 11.1305179335
9.48434220002, 10.9348988033
9.90212757237, 10.3134706195
9.72990962916, 10.1514118542
9.14698847663, 10.2349491527
9.88917723536, 9.05832604859
9.80406509149, 9.95363876799
9.32470125486, 9.813968257
8.99134951483, 10.2350313896
9.22125261786, 9.97356487938
9.35781713493, 10.4294559726
9.68137450954, 10.4157594259
9.83959884129, 10.0333870251
9.00786687945, 10.2418897419
9.42855635702, 10.2448136094
9.56994953282, 10.0725568985
10.9156479131, 8.73781013126
10.7698502143, 8.86829575065
9.15783395202, 11.1892129441
9.41244805403, 11.3352430825
9.1030508854, 11.143913599
9.15296513013, 10.7954299007
9.81513123033, 8.98123890892
9.28057084877, 11.6273697193
8.88214229071, 10.7272963476
10.0326167265, 10.2454589675
10.0204158481, 10.3333854383
8.86019965227, 10.6106972064
9.74938906988, 10.0373213818
10.0466408937, 10.0770007181
10.0008388578, 11.2753411664
10.9078006037, 9.3376283122
9.75781859152, 10.3325099007
9.73342809344, 9.73505906467
9.57246324701, 10.1040419053
10.3811616633, 10.5339265051
8.9926574788, 10.838164216
10.3922979311, 10.4770822472
9.35465285104, 11.069600328
10.0682557308, 10.3790641418
10.5893013506, 10.6184478046
9.48942830524, 9.91401902962
9.02126386572, 11.2326703599
10.3836770166, 10.5077667277
10.0116742364, 8.91240642742
10.1670539091, 10.2734658855
10.3021791376, 10.3581025821
9.22880825105, 10.9173947172
10.1445986925, 10.3112510401
9.3792868827, 9.62209486379
9.31349991476, 10.1921906199
8.70381115303, 10.0512915295
9.34424386071, 9.82718319259
9.01195935387, 9.99585162998
10.326363422, 9.32545450007
9.83317200963, 9.14109782472
9.67231996961, 8.97843101748
9.37342741372, 10.1091405287
9.15709268996, 10.892847562
8.70736619394, 10.3002892359
9.35167184139, 10.5718192727
9.53713274977, 9.60665584986
9.38154828962, 9.59542146157
10.3697837309, 9.18137363615
10.1096492047, 10.4829807887
8.78988031892, 10.2541709169
11.0304674265, 8.99063820911
10.6161913418, 8.88599936625
9.03444625222, 10.9745974155
10.132284846, 9.24259841375
9.47404961696, 9.94562070098
9.08438926431, 10.681409944
9.95077302288, 10.9164402184
10.0690795378, 10.2594017748
8.99838778372, 11.1265637897
10.8560993085, 9.12936858493
9.96690898978, 11.2553075988
9.40240734162, 10.0277613351
10.9835824804, 9.42982576252
8.57930227433, 10.9597217314
9.01567188301, 10.3837488934
9.59006926785, 9.81492124066
10.4198053406, 10.5930395393
9.66990813799, 9.99574465224
10.1164599581, 10.1629116941
9.20129127695, 9.3850159834
10.1979829744, 9.91078115972
9.11393999059, 9.38791121355
8.88108018574, 11.6148361904
10.1907517856, 10.3125772928
8.91270228425, 10.2588592437
10.3291182587, 10.1763618055
9.66797963789, 9.46709965929
9.4103407719, 9.70371139107
10.1237316511, 10.3959685309
8.90519595649, 10.0847683251
9.55259583519, 11.441700658
9.06928172174, 11.0160118222
9.49844939403, 9.80203249517
10.3533190283, 10.5694341583
8.5627126734, 11.0426956792
9.57678524546, 11.0315327146
10.35408636, 10.4320420526
9.06358621539, 11.0586943736
10.8179363109, 9.01278855036
8.87837986124, 11.2054640903
9.18923699578, 10.790491637
8.97450557005, 10.7584072348
8.94970383827, 10.1450917592
8.81012810318, 10.4699457591
9.85376322393, 10.4127454448
9.42069221697, 11.5554374886
10.1381557854, 10.4040621574
9.71249964864, 9.42326930066
10.6599097394, 8.91200588348
9.30212611128, 10.473237475
10.106344455, 10.3112357465
8.98505590884, 10.2631386599
9.81496446474, 10.7656457758
8.84999720455, 10.1172812608
9.09338762448, 10.4549234985
9.30899178114, 10.3040905759
9.53953428704, 9.86966299902
9.62144530662, 9.86209449508
10.2309693392, 10.2545946715
9.0743022156, 10.094687678
9.59804769604, 9.74425581095
9.87577802872, 9.34802849406
10.1046818481, 9.07303750298
8.79185620032, 10.4151085627
9.18331909071, 10.1480632982
10.4054489082, 10.5792268584
9.89319120745, 9.86865668842
10.1040378256, 10.196476918
9.25720198263, 11.2649899986
10.9171744055, 11.3494392047
11.1177968988, 9.21588971733
9.33915864683, 9.3278542733
9.53112692333, 9.4462748575
9.3796215496, 10.1591112511
9.75582780391, 9.59288904131
8.76957662622, 10.3003587063
9.26165413409, 11.0499138852
9.35418053187, 10.869160391
9.65514430792, 9.94392563528
9.66696604788, 9.96038126014
9.07463269699, 10.2860720687
9.43558206937, 9.83892266472
9.36707996695, 9.62448828415
9.36835231498, 9.61321336327
8.94836111736, 10.4129969631
9.98446761054, 9.27195185252
9.33772716421, 9.47962110982
9.71752135989, 10.0382678699
8.53947382905, 10.3231871085
8.89494338737, 11.4619786618
9.96267301121, 10.9995972275
8.7367650339, 9.92467467745
8.92713135376, 11.0191926979
10.3019217187, 10.9397313726
8.8987958756, 11.2063286009
10.492883207, 10.5807330439
9.70659878256, 9.8786716011
9.61928027873, 9.71826104614
9.5735873964, 9.94340866812
9.75132373216, 9.75522358683
8.83532156581, 10.2948668362
9.01105740275, 10.4723632663
10.1269334988, 8.88705610538
9.37610040114, 10.5636687124
9.96591192695, 9.20812774769
8.97571567065, 10.2139692399
9.45158511194, 10.5041660563
8.74062458182, 11.1462328743
9.22191595495, 9.48767377584
9.75378368466, 9.87646288863
10.0183773393, 10.2650586643
9.59653902223, 9.95400435155
8.73149871361, 10.5433177353
8.95208650487, 10.0794111125
9.51276052414, 10.1362961724
8.85339782237, 10.6150227245
9.08760445657, 10.0179438427
10.142659657, 10.4122398741
8.71827088248, 10.260816684
8.85264890566, 10.3305265533
9.15977210001, 9.85939713889
9.10189164601, 10.5571824633
9.11561109124, 10.1358629259
9.1683950821, 10.9269516605
9.35394073816, 9.44761203776
9.39449225384, 11.0015908321
8.88840001578, 10.328799809
8.6457475018, 10.3717610861
9.89277152305, 9.5468981288
8.80319311261, 10.9310792021
9.16230087719, 9.78638114028
