8.39191926774, 9.41064790189
8.16702472977, 9.65166525774
8.30997795106, 8.43473672717
8.53697810857, 10.1311123903
8.27122001553, 9.41760529304
8.1002589166, 9.91165766192
8.58971539885, 10.3500343343
8.93467922719, 10.0736252549
8.60789421781, 8.91360128383
8.47730278301, 9.62413404152
8.50680855663, 9.85258416152
8.38069511376, 10.2336485729
8.46609353966, 9.49508971674
8.6112168165, 10.2033069909
9.53759370204, 9.57055267977
8.32476884168, 10.177733548
9.10249330475, 9.4981693786
8.63649907162, 9.29836498692
8.70134878541, 9.18006386906
8.62333388287, 10.5082800227
8.38857750865, 8.55926192497
8.21902215931, 9.93050298092
8.95072120031, 9.14930096095
8.44234232474, 8.78403441441
8.76494128507, 9.11830448368
8.23610978343, 9.88399031673
8.05341344243, 9.48725728672
8.17626018106, 10.12297018
8.07380237727, 9.11644988986
8.26910141776, 9.5223955763
8.42420150583, 9.36606664409
9.10417017969, 10.4174839453
8.43208390073, 10.0845960428
8.89326018713, 10.1485214811
8.1967140931, 9.61404613493
8.84962145693, 9.08712078307
8.82930459012, 9.25539718639
8.90055261268, 8.27137018398
9.12272634362, 9.57866453467
9.62684769937, 8.72423447583
8.19705629865, 8.52082200929
9.36893787059, 9.35996178618
8.21207820911, 10.1774770421
8.30762827622, 8.78586262464
9.17692844099, 9.52322209547
8.00336899981, 9.26407638138
9.80742329692, 9.47288557693
8.28076042509, 8.9301296676
8.3513102934, 9.11596704
8.31567609742, 9.39953295594
8.0253346244, 9.05286092537
7.98967674479, 9.53135043455
8.23244321785, 9.24017374902
8.3376517356, 9.1846798005
8.30550643193, 9.79427452355
8.52835792464, 9.52379284271
8.10527880453, 9.50848377164
7.94816511334, 8.80428597004
7.98312075909, 9.45247972203
8.31899813019, 9.65884471177
8.22398373703, 9.27010435847
8.29108724031, 9.17159099406
8.26202496513, 9.19110967983
8.10628806656, 9.69889482211
8.1435606514, 9.8160293862
8.46657886452, 9.84810068714
8.32144197494, 10.1525487057
9.20875466474, 9.37829888534
8.15706190536, 10.0710571378
8.25600256637, 10.2567862425
8.9933673807, 9.52067326783
9.24796284481, 9.54136580525
8.11248750199, 10.2376525021
8.54692213156, 10.214665677
8.28135667181, 9.23891621717
8.29094382716, 10.1240503255
9.05260972304, 9.42979171892
7.9795553508, 9.61649418615
9.44980361143, 8.64508954311
8.01998250394, 9.87408434997
8.08373139942, 9.75534417528
8.71129274978, 8.73895417337
8.58591028438, 9.76759331853
8.47681698752, 9.59413726211
8.43718354846, 9.33147224032
8.28811563422, 9.36828649803
8.49701280044, 9.76027165829
8.48164478346, 8.71579197235
8.14223045259, 9.25279221495
9.49508971674, 9.54272616876
8.35357864827, 10.0624299223
9.45061978918, 9.4951718924
8.13774203355, 9.74225464262
8.41640094396, 10.1931293966
8.0725438598, 8.6660761176
8.24515283537, 9.3348585338
8.09710647409, 9.15623951842
7.99197094824, 9.61315865515
7.95240471643, 9.95620820154
8.61406819625, 9.10620529153
8.75343402491, 9.36828649803
8.02159629115, 10.0205287841
10.0323767664, 8.94662963955
8.41786459741, 10.1558292879
9.48968011296, 9.66248279117
9.4884776629, 9.83699821399
8.86409963996, 9.26336299017
8.52144843349, 8.7435475962
9.58298487044, 9.73045902726
8.21610134214, 10.1466595138
8.45987597435, 9.60547263335
8.62664539805, 10.1913858535
7.91537265671, 10.1313597152
8.32466583228, 10.2010869824
9.00410094731, 9.22973907584
9.38671993364, 9.52263202327
8.50204934225, 10.0448553544
8.50079601498, 8.81570966264
8.09710647409, 10.0638420991
8.64332938228, 10.3960526732
8.47730278301, 9.94942887818
9.39942683885, 9.62051647378
8.90134975835, 9.3592782287
8.59200280178, 9.9396829251
8.77798022975, 9.22203432323
8.06366572099, 9.18675817023
9.10079021265, 9.21716043092
8.3912955031, 8.51913305439
8.28673380619, 9.79312885435
8.77144037779, 8.89017297937
8.31485056722, 8.8916310087
8.21843925233, 9.18962250718
8.07380237727, 9.75230913573
8.39191926774, 8.91958399624
9.48696189437, 8.27830150617
8.50667525237, 9.23063977986
8.39360975291, 9.57031460212
8.45112475508, 9.85187886642
8.14562442844, 9.41212827825
9.48838603276, 9.68314146559
8.43673996989, 9.05187332231
8.66861651425, 8.81914007821
8.37327755334, 8.93208848942
8.29565919785, 9.04377125451
8.73458670667, 9.33936555284
8.18826925593, 9.2645920722
9.43569186261, 9.75441951656
8.33502766896, 9.87179075759
8.37029844533, 9.8553388726
8.2450995183, 9.95108891593
8.23912744094, 8.72912661067
8.5070200451, 9.78676743532
8.52699537871, 10.1598714201
8.18158786628, 9.63863514651
8.73964941541, 9.34283104491
8.42685963888, 9.87340143223
8.19004494665, 9.5344413238
8.4203114187, 10.2725907637
7.92390030237, 9.71508840116
9.62937693501, 9.45073631159
9.1957721154, 8.76947533814
8.83485369425, 8.91032829018
7.93227562074, 10.1931873944
8.41934151805, 9.5809507422
9.11395197764, 9.29240234197
8.00998999941, 9.71568774697
7.95288826332, 9.85956891934
8.24838155692, 10.1697421292
8.09194934043, 9.71045794941
8.39360975291, 9.55561807107
8.69862076382, 10.0210558366
7.70167684416, 8.95682343182
8.52424974217, 10.3897408706
8.3912955031, 9.9359448565
8.8829299638, 10.4789801458
8.00998999941, 10.2657849503
8.21902215931, 10.0683164731
8.23316599235, 9.82651483315
9.0378006895, 9.34277592506
8.36413199073, 10.1541645428
8.28254590716, 8.38801829957
8.32688052509, 9.61910177957
8.96109930776, 8.81796914756
8.61427303348, 8.36283558272
9.16903366173, 9.17186040605
8.37790785356, 10.0349104335
8.1311173195, 9.69571205668
9.31003344886, 9.19609245456
8.16431246288, 9.01707622769
10.130389162, 10.0727319466
7.9786046718, 9.45218095214
8.45873978871, 8.51508395693
8.88487199929, 9.42555520633
9.17822517921, 8.58640706007
8.65471669354, 9.15061554194
8.19800667552, 9.73596803334
8.49191268597, 8.69001289169
9.72977462257, 9.6602146458
8.52919115828, 9.06309431095
9.01663741211, 9.04654737358
8.3479448862, 9.08201050241
8.55890453195, 8.98863189862
8.19989123348, 9.44366765141
8.98502718084, 9.06674575068
8.61867668027, 10.224437729
9.01857569225, 8.77853960539
9.17110535871, 9.53563426356
8.24104838724, 9.33771348894
8.02094810151, 8.44562333774
8.34102671414, 8.90807401152
8.71129274978, 9.37682766361
7.96099875589, 9.90079387588
8.13774203355, 9.78950135515
8.82359216819, 9.26321374131
8.0725438598, 9.61966972658
9.69238971418, 8.45782401885
8.35722494446, 10.0684582099
8.28013256594, 9.60322666936
8.30181766639, 9.20571793188
8.13722077917, 9.61182800633
9.10571015313, 9.33697789097
8.92882961241, 8.42243102505
8.14899154442, 9.08328982959
8.06723256083, 9.90840983517
8.70746087968, 8.69664292211
9.22376412552, 8.65754360906
7.98817363482, 9.92271403685
8.14679906979, 9.4590201798
8.40382775657, 10.4602921464
8.99740817661, 10.3213331048
8.15236710887, 9.61397597048
8.26621727833, 9.71144770925
8.1499515123, 9.06207863994
8.24987419862, 9.02042268526
8.49842334255, 10.2303622118
7.86216427748, 9.22933496418
7.86415448362, 9.49050927113
8.26910141776, 9.90453267478
8.25714649211, 9.70384569626
8.06950913229, 9.3541209511
7.89722692758, 9.39191614507
8.38939215792, 9.69624901431
8.34401740382, 9.48892317811
8.0938680557, 9.88225875725
8.19539737265, 9.80738732464
8.91068926896, 9.20530730302
8.38695562681, 8.58941046152
7.69154049769, 9.48056875125
8.00732769108, 9.89041049792
8.86186248028, 8.68518205712
8.58687465866, 8.74391831852
8.09955879932, 9.784635971
8.3294026709, 9.72059074096
8.71548964319, 9.05813183373
7.94015801564, 9.76905878752
8.09983173532, 9.46428375502
8.34606569017, 9.98121558543
7.93967437402, 8.7634900651
8.39347158079, 9.18333198133
7.91185687318, 9.34629567936
8.72959848612, 8.87268698801
8.41009403301, 9.59880342212
8.02786489883, 9.07964419283
9.03602336178, 9.2682086517
7.95763509538, 10.0525136057
9.03949084344, 9.25942161791
8.21231201876, 9.81869635649
8.66902947163, 9.28051717527
8.66761561332, 9.0545261501
8.57428407596, 8.40934500112
